Pose
x y z qw qx qy qz
---------------
frame00000.jpg 0 0 0 1 0 0 0 
frame00001.jpg 0.16587255917918578 0.08929979223460663 -0.9820956375110338 0.9999999054344532 -7.007392087044364e-05 -0.00016492369841140833 -0.00039625863263115864 
frame00002.jpg -0.12547366943927182 -0.10799688480738301 -0.0460446793372864 0.9999970041544842 -0.000612504595770176 0.0006242725501419971 -0.0022862204530252088 
frame00003.jpg -0.26735012099826866 -0.13875460308596585 0.9433617261702401 0.9999942632732951 -0.001121547346115521 0.0009013547057927136 -0.003066449370902928 
frame00004.jpg -0.38200999370381356 -0.07139704533119547 1.9344803230114365 0.9999909604938838 -0.000980616835499746 0.0009624774381317806 -0.004023798991346113 
frame00005.jpg -0.33887928414105534 -0.05122446830334043 2.9333460842770176 0.9999915267207384 -0.0012841449093622444 0.00037425196031905125 -0.003893249805580175 
frame00006.jpg -0.3279549511279901 -0.18287387128502672 3.924582228514497 0.9999881707987469 -0.0010691646333260139 -0.0013821465061846475 -0.004539253308455189 
frame00007.jpg -0.408622637669937 -0.380452264013624 4.901544614215582 0.9999671005515032 -0.00268020545539871 -0.0019064036362869516 -0.007414845818510744 
frame00008.jpg -0.44837325452584653 -0.4996467790217367 5.893619488432017 0.9999587781185855 -0.0039943661247540275 -0.0030948905617239294 -0.0075437891843418235 
frame00009.jpg -0.5075682731706526 -0.49223028842052946 6.891838374966831 0.9999485846371248 -0.0052565978796035 -0.004668907375279742 -0.007307363742424318 
frame00010.jpg -0.6799493299993371 -0.5851762569600285 7.872473790490297 0.9999268636912433 -0.0066008624277653204 -0.006294817203467929 -0.00794173533796225 
frame00011.jpg -0.8731043400678482 -0.7586400823543783 8.838186710236632 0.9998990196273427 -0.008386024184184488 -0.006682428056445597 -0.00932578693363246 
frame00012.jpg -0.864706397682996 -0.8046640575687207 9.83709174489667 0.9998708622230486 -0.01032598710884732 -0.00810375151736926 -0.009271573701909478 
frame00013.jpg -0.8657340420033918 -0.6915370470574206 10.830671748439377 0.9998333919891241 -0.011586247237393816 -0.009773333737388265 -0.010170009151117035 
frame00014.jpg -0.8759023256956324 -0.7616598792128394 11.828158286903559 0.999788288762619 -0.012795457696280769 -0.012749184609701127 -0.00985455261510404 
frame00015.jpg -0.8967566439785907 -0.8919226258591255 12.81941845166613 0.9997723397149999 -0.013557142169836698 -0.013215297071517296 -0.009840150420230738 
frame00016.jpg -0.9829477840740954 -0.9211017083381345 13.815269679769363 0.9997421096006246 -0.014719709174253264 -0.014170738321886305 -0.009911338382402294 
frame00017.jpg -1.1724164181571217 -0.897758351043602 14.79687893215492 0.9997043898492614 -0.016042872285156898 -0.014627720119565736 -0.01094481471115778 
frame00018.jpg -1.3861989955924456 -0.8630503137344809 15.773143425891766 0.9997008821509616 -0.015884350297986297 -0.014973209585135242 -0.011028900077483783 
frame00019.jpg -1.5368106075435644 -1.021109562078064 16.749019143572326 0.9997008821600004 -0.01588435015027318 -0.014973209535462155 -0.01102889953836472 
frame00020.jpg -1.576274224841383 -1.0761279119385374 17.746724312491683 0.9996854752595137 -0.016369029324674794 -0.015700442653945552 -0.010700538986328664 
frame00021.jpg -1.5357059256064913 -1.1035844310295455 18.745523768166642 0.9996792579749627 -0.016474166941757865 -0.016094717945354855 -0.010532950795574756 
frame00022.jpg -1.5619799937439027 -1.1854639536824751 19.741819616353133 0.9996985895892647 -0.015190455126474343 -0.015799063994205356 -0.01106208041879932 
frame00023.jpg -1.61784507903405 -1.3194028835121736 20.73123330906291 0.999746650775283 -0.012392629250299908 -0.014436684049077048 -0.012026602077705425 
frame00024.jpg -1.729887400494307 -1.3449286251173531 21.724608844657233 0.9998223748367489 -0.00782326235190808 -0.011811620773445473 -0.012429841377942823 
frame00025.jpg -1.8440116423087658 -1.4339225264338131 22.71408130155472 0.9999041976987332 -0.0005203731091552868 -0.007796298811601267 -0.011425513604203625 
frame00026.jpg -1.9153441474633355 -1.651893328874352 23.687426257360112 0.9999078676685477 0.006598435011989298 -0.001450372645881836 -0.011773412806760876 
frame00027.jpg -1.815904628651459 -1.648150315682435 24.68246282550759 0.9997941616628077 0.011449658413639903 0.009010799980647652 -0.014118962811862798 
frame00028.jpg -1.6355741491163254 -1.6264923093597974 25.66583043170212 0.9997874239096681 0.013532994381343828 0.00906745520834938 -0.012639078731790154 
frame00029.jpg -1.5965446149850144 -1.6357501025221282 26.66502560219248 0.999832065300754 0.01510138136575098 -1.0384940200547799e-05 -0.01038216593142281 
frame00030.jpg -1.5665221119667492 -1.7530288475329374 27.657670727744005 0.9998123316491195 0.015516476850975961 -0.00863352291421819 -0.0077461416571952555 
frame00031.jpg -1.5257867947453685 -1.8932389201742588 28.646954190387948 0.9997900339433138 0.015169465918683244 -0.012228717516272627 -0.006343011845807409 
frame00032.jpg -1.6288395263567215 -1.9244650287225478 29.641139819258317 0.9997955568957649 0.014653234041601234 -0.011645715267254615 -0.007648820792972345 
frame00033.jpg -1.5988658851162854 -1.9467429475728721 30.640442213512674 0.9998212037808247 0.013881745818234127 -0.009591273672086493 -0.008536104067263205 
frame00034.jpg -1.5293482673472496 -2.0037864960506724 31.6363906732217 0.9998499672991943 0.01125443951038581 -0.008453374248868136 -0.010095590468876871 
frame00035.jpg -1.3924553826556687 -1.9501044742796905 32.62552088641883 0.9998445308933801 0.008403460087450918 -0.011560105145513028 -0.010327626551120342 
frame00036.jpg -1.3282850921206317 -1.9450133202976116 33.62344686261335 0.9997356099577174 0.0059541611113653895 -0.02010643921041666 -0.009433411377020477 
frame00037.jpg -1.2728192509463891 -1.9824970266135935 34.62120360261747 0.9995796867039992 0.004000028335101266 -0.027408429155218746 -0.008557319282101771 
frame00038.jpg -1.2308915484810383 -2.0015553802976678 35.620142463069314 0.9994792845073468 0.0017407721483053324 -0.03109214897103819 -0.008450315104893353 
frame00039.jpg -1.2750444439554411 -2.0360715050188327 36.618570807496425 0.9994137373889621 -0.00047460960051480967 -0.032762635293578285 -0.00992804072177136 
frame00040.jpg -1.286348284735473 -2.095293239419195 37.61675165752223 0.9994069502023215 -0.0021385020555290883 -0.033005512177093646 -0.00958179848359713 
frame00041.jpg -1.120718476263422 -2.3007522676025944 38.581299921884074 0.9993368994138903 -0.005434380811204898 -0.03439620669637143 -0.010636255916955089 
frame00042.jpg -0.9285063011608515 -2.3446458176421867 39.56167119645676 0.9992349137938059 -0.007838338450515098 -0.036694374140949094 -0.011030431189394941 
frame00043.jpg -0.7608381599385104 -2.3207898878363973 40.5472260092562 0.9991292609107134 -0.009613716038342076 -0.03937967368822802 -0.009876120501186424 
frame00044.jpg -0.5922296777384884 -2.5672939940189172 41.50158805028956 0.998990189008261 -0.01138203026206013 -0.042233202974813235 -0.01026685048299663 
frame00045.jpg -0.481640691027904 -2.6980081092335984 42.486820964935625 0.9988613774200589 -0.012935353451611823 -0.04489797978605716 -0.009633106493484679 
frame00046.jpg -0.4339246660999664 -2.553228162651338 43.475133642195566 0.9987736547431136 -0.013690237965015515 -0.046731210371384266 -0.008941921089453617 
frame00047.jpg -0.36752304455145457 -2.5122975570922255 44.47208675552853 0.9986815606719294 -0.014242933921506338 -0.04883246564501019 -0.006904310698064311 
frame00048.jpg -0.3320324460851653 -2.783489659027851 45.43395746475521 0.998672427868175 -0.014668937261226677 -0.04891827171194526 -0.006723599350547112 
frame00049.jpg -0.1418994686275935 -2.799207877645414 46.415589976689596 0.9986346020780552 -0.01565298145192257 -0.04952845521935524 -0.0055540820712027626 
frame00050.jpg 0.03773643871473126 -2.758650369179885 47.39848673083032 0.9985997793249911 -0.01600613910497874 -0.05018715878225478 -0.004851117025510666 
frame00051.jpg 0.1727686195909672 -3.0022168831553744 48.358924997142964 0.998543442740048 -0.01726926173325338 -0.050620472178836556 -0.0070946005124871096 
frame00052.jpg 0.04789360993918977 -3.023576387039789 49.35086753759492 0.9985430676403441 -0.017675780487061612 -0.0504604271125859 -0.007283827784835712 
frame00053.jpg 0.12032982397008467 -3.07008587519136 50.34715557948279 0.9985491932212959 -0.018258059527370387 -0.050254062025530725 -0.006378183858076722 
frame00054.jpg -0.006599110906113773 -3.0469912066805813 51.33879849998269 0.9985922129727464 -0.01871471537471522 -0.04920318255481234 -0.006511408842455175 
frame00055.jpg -0.17170895864880453 -3.0851181848530844 52.32433646054728 0.9986622776149062 -0.018780385181182458 -0.04766537676196556 -0.006997446648118476 
frame00056.jpg -0.2273952282711496 -3.152965049828255 53.3204769337179 0.9987335640798376 -0.01930933086740608 -0.0459248052534084 -0.007023530755509716 
frame00057.jpg -1.0881414990748492 -2.839730425551554 53.721724896269436 0.9990671233264627 -0.018209618834461334 -0.038718435224737294 -0.005845993828013119 
frame00058.jpg -0.9653220422328749 -2.8123025510436563 54.713774840940076 0.9990890632896564 -0.019187275365074474 -0.03760263396863787 -0.006239711345998091 
frame00059.jpg -0.8871194736166454 -2.8554323513805944 55.709778946646836 0.9990949243668217 -0.0199652819909981 -0.03711638284550582 -0.0057527162227671265 
frame00060.jpg -0.8484355041184621 -2.9350982178506593 56.70584967717928 0.9991008090752934 -0.02126255557121307 -0.03639736516640059 -0.004550697157350892 
frame00061.jpg -0.7443653339282004 -3.125603839623583 57.68200386978897 0.9990950407177113 -0.023039357124207717 -0.03555104051636542 -0.0037962026791185043 
frame00062.jpg -0.8834781562461994 -3.1977744518161093 58.66964703682982 0.9991123989769051 -0.024720941991437876 -0.03391439301268482 -0.0036198320747977404 
frame00063.jpg -1.1532604249440146 -3.2196955076402465 59.63231883698178 0.9991573246627142 -0.02599003054764822 -0.03153397324428727 -0.0038428396280853865 
frame00064.jpg -1.1976511921041746 -3.23870012926918 60.63115229864978 0.999182177711081 -0.027398625667264656 -0.029560088007953487 -0.003239174747968246 
frame00065.jpg -1.1805862942025658 -3.2209418613591483 61.630848969235636 0.9991654413048286 -0.0294885583004015 -0.0280195484731855 -0.00370819832915183 
frame00066.jpg -1.0792654960644252 -3.2151166215919007 62.62568572089206 0.9991214598423844 -0.03164783469106734 -0.027261216622252213 -0.003398398161311238 
frame00067.jpg -1.0909431185053096 -3.4161768115047986 63.605195002709394 0.9990349129605622 -0.034109828397964344 -0.027544506185074175 -0.0026575311027936315 
frame00068.jpg -0.9866466347275684 -3.549805044065508 64.59072315498831 0.9989579560078278 -0.036323618530580165 -0.027578602649874478 -0.0017371071891497294 
frame00069.jpg -1.0379426868089074 -3.5647061111944214 65.58929547246927 0.9989114943653811 -0.03844871623404271 -0.02633871829188732 -0.0019479639150797195 
frame00070.jpg -0.8991869795240361 -3.5992772265687867 66.57901851033272 0.9988084259752372 -0.041051173332048364 -0.026390317053583846 -0.0002837864355508741 
frame00071.jpg -1.0043804353182801 -3.8913111422612956 67.529623859015 0.9987360589066484 -0.04418368970006337 -0.02395062745537213 -0.0006735344065143601 
frame00072.jpg -1.1548525022825524 -3.8941598724972835 68.51823401564883 0.9986776619014653 -0.046829868280323234 -0.02119800179385346 -0.0007319670870213443 
frame00073.jpg -1.1691113371124326 -3.9456949741489966 69.51680340178433 0.9986123548621874 -0.04850434221078214 -0.020505892408176712 -0.0004493104039086062 
frame00074.jpg -1.2433033566607 -3.914027650564274 70.51354445383964 0.9986298953005118 -0.046702861568196974 -0.02360375078499287 0.00019463378235619298 
frame00075.jpg -1.2845957559029382 -3.945207020565629 71.51220494902864 0.9986080232704954 -0.04331989652278831 -0.030089533923774205 -0.0001495770616929909 
frame00076.jpg -1.0550781724607303 -4.2124083369120555 72.4481136707711 0.9985716679187161 -0.040047910376909183 -0.0353637605731294 0.00043970740419375297 
frame00077.jpg -1.806202416733524 -4.045282211675254 71.80945787307647 0.9984958850037948 -0.03570031394827828 -0.04161075091211894 2.496018622997089e-05 
frame00078.jpg -1.9224376172370232 -4.183448748512755 72.7930225055548 0.998568557937785 -0.03187499885504098 -0.04294968377655091 -0.0003797493074477291 
frame00079.jpg -2.6611515184359398 -4.220990671002158 73.46599529566691 0.9988404973926149 -0.027032638522150394 -0.03983299070850721 -0.00047966052464173416 
frame00080.jpg -2.7548085857549416 -4.206272310867974 74.4614910131947 0.99895938230385 -0.024518468873959202 -0.03844477647317546 -0.000998174891154043 
frame00081.jpg -1.960078922960592 -4.670885489077853 74.85205388612106 0.9984919435873408 -0.02729378118016744 -0.047487856664573 -0.0037137002392920826 
frame00082.jpg -2.094260161357547 -4.692933469652743 75.84276538893852 0.9983288314350331 -0.026421491574754735 -0.05120007935341781 -0.004472245826046026 
frame00083.jpg -2.1501978187495623 -4.720085549547266 76.84083038834632 0.9981397174716711 -0.026546325280396344 -0.05464585947727744 -0.005121236341765593 
frame00084.jpg -2.2789290141606364 -4.724086897024816 77.83250184026294 0.9980620383814979 -0.0273098517598331 -0.05562551975405189 -0.005669311308745308 
frame00085.jpg -2.1419311940149695 -4.941003970548128 78.79903098130805 0.997970492269552 -0.029408771397904297 -0.05622832027726753 -0.00532885756322268 
frame00086.jpg -2.260083867585097 -4.9848456654657225 79.79105812383742 0.9980908288768655 -0.030947775880281043 -0.053124603840496554 -0.005891429940537885 
frame00087.jpg -1.4382494789545062 -5.125763261378688 80.3430820987029 0.9976801011479562 -0.03541198083881025 -0.057710057396295665 -0.007068002673335214 
frame00088.jpg -1.4989439168680836 -5.20038724940592 81.33844507049623 0.9976527314420097 -0.038418815824534026 -0.05625367386928859 -0.006967511258970341 
frame00089.jpg -1.691094717283984 -4.941449292820704 82.28503326212922 0.997568227071022 -0.03845869685895777 -0.05772544614692019 -0.006806896607565223 
frame00090.jpg -1.729446178793905 -5.111460831502307 83.26972876943854 0.9973210184236143 -0.03979183907689463 -0.061119373949408085 -0.005640734118368396 
frame00091.jpg -1.9298202627303727 -5.122331603767184 84.24938792077486 0.9972843781345743 -0.04014148422705991 -0.061637778466633715 -0.0036489229206222587 
frame00092.jpg -2.208937311041343 -5.090420769153448 85.20911463811498 0.9975070235549116 -0.038662388697637634 -0.059001161768408236 -0.0019546275323531793 
frame00093.jpg -2.1920898723006563 -5.243108515732607 86.19724550791537 0.9978137766806013 -0.03723565545769505 -0.05459287270136241 -0.0008895387804810881 
frame00094.jpg -2.184202305448352 -5.327815433088198 87.19362019870256 0.9979783979637722 -0.03511642522167534 -0.05296330444853909 -0.0009177468075483907 
frame00095.jpg -1.28279099259631 -5.288400244928934 87.62478616211423 0.9974253109369401 -0.03161929620430696 -0.06433384518784505 -0.0020311507175029895 
frame00096.jpg -1.5281383606630365 -5.251944970787008 88.59353570764702 0.9968931542507438 -0.027126276595073957 -0.07390080805429737 -0.0026219639604846594 
frame00097.jpg -1.7232672149475052 -5.227934358506316 89.57401937437663 0.9964806406524732 -0.02444374777316223 -0.08002222540738844 -0.005027866394952658 
frame00098.jpg -1.9800632151631863 -5.241729715612581 90.54038654186296 0.9962566809785062 -0.023634360205147125 -0.08293816378308533 -0.0059416842454412975 
frame00099.jpg -2.3197991704092065 -5.165502731290505 91.47781330037492 0.99632353001911 -0.023454946482826262 -0.0821718755753923 -0.006088668176841875 
frame00100.jpg -2.653504718879852 -5.596266922245472 92.31631363949877 0.996539703517332 -0.025263523223103792 -0.07894576817874446 -0.006159496295138741 
frame00101.jpg -3.029864570050909 -5.437495069476333 93.22908127761636 0.9969129690360095 -0.025376338021747526 -0.07403394770095054 -0.006288737888113524 
frame00102.jpg -3.1912894497837607 -5.486044300692363 94.21477138122478 0.997001795924765 -0.026535001533921156 -0.07250708939809039 -0.005102411528222937 
frame00103.jpg -3.500312814024735 -5.572557740807548 95.16188277120625 0.9970808154865175 -0.025821486610410102 -0.07178482100303873 -0.003168231609159864 
frame00104.jpg -3.516980833332265 -5.571148986671822 96.16174285769043 0.9970261023960006 -0.024370763326762194 -0.07308516169303274 -0.001891078055445253 
frame00105.jpg -3.808198447737362 -5.632591917456501 97.1164245152689 0.9970749983680164 -0.023913964442177943 -0.07259157307185578 -0.00018290169412427763 
frame00106.jpg -3.9063050067029845 -5.557892533860798 98.10879294744434 0.9970964295599057 -0.023107184495373554 -0.07253366600652592 0.0019066932728182243 
frame00107.jpg -4.229531114568965 -5.8077433292790905 99.02153577169587 0.9971954857624934 -0.0231437383088869 -0.07104679670913275 0.004228856744301727 
frame00108.jpg -3.3864780837157333 -5.896775624816472 99.55194583713629 0.9966084503463157 -0.022500977020317513 -0.078973581520355 0.00533630520978682 
frame00109.jpg -3.6898389356690773 -5.925386504130523 100.50439195691789 0.9968096604139731 -0.022006640709732878 -0.0764526308152229 0.00641902730025124 
frame00110.jpg -3.76841788616514 -5.902422099750116 101.50103531573306 0.9968367954853916 -0.021626850047473698 -0.07602842564575651 0.008268072161347251 
frame00111.jpg -3.927146967606226 -5.863334449155913 102.48758345661413 0.9969762535895609 -0.019965685977593992 -0.07468873731824839 0.007830305215724167 
frame00112.jpg -3.852274583978424 -6.080333727026992 103.46087962920156 0.9967814543198095 -0.020027353870789254 -0.0771391754004614 0.008670930720198523 
frame00113.jpg -3.9442574131162527 -5.996837129687225 104.45313336558982 0.9966583940033585 -0.01865725616092133 -0.07891718906387978 0.009799475774018962 
frame00114.jpg -4.220707764150966 -5.8615299914715635 105.40458866236455 0.996588750754236 -0.01718545637729047 -0.08022775619928137 0.008889830956883182 
frame00115.jpg -4.466827352138656 -5.925005740180129 106.37174737619318 0.9965355943817651 -0.015536429006415317 -0.08127462675628754 0.008358441812610322 
frame00116.jpg -4.488045808893197 -6.20086279205106 107.33271182091839 0.9964098592341447 -0.015101494266894826 -0.08277221910440377 0.009386002153690804 
frame00117.jpg -4.840980923534691 -6.0261789979266265 108.2519084141036 0.9964241676762323 -0.013417651698626827 -0.08299379132947848 0.008418746603772079 
frame00118.jpg -4.90523985569812 -5.937446872174539 109.2458889971618 0.9962161074996349 -0.011625068802860801 -0.08582640672857597 0.007221692437598516 
frame00119.jpg -5.068454057129765 -6.034440860618315 110.22770022680669 0.9957662159355002 -0.01043860750659995 -0.09118409537966478 0.005112672941603199 
frame00120.jpg -4.391558010642769 -5.948462181806461 110.95874017717878 0.9945771218734818 -0.00838499042084508 -0.10365767207705488 0.0010618856185894343 
frame00121.jpg -4.7412850239487305 -6.0055322773102455 111.89385194609375 0.9939603224228485 -0.008109873069199278 -0.10943216674272255 -0.0013070156307173027 
frame00122.jpg -5.066024163380996 -6.010160822053269 112.83964424247512 0.9930290451385442 -0.007681615094065675 -0.1174800640674979 -0.005722136617723711 
frame00123.jpg -5.329824330374567 -5.981118634692261 113.80378428585442 0.9917557007699099 -0.006594425905064235 -0.12751520057408955 -0.01081744701464179 
frame00124.jpg -5.563312204061147 -5.916554330356242 114.77399810942474 0.9898759365782015 -0.00607781114037423 -0.14087227121452897 -0.016238645202960224 
frame00125.jpg -5.913958855213781 -5.896693050274348 115.71029531415674 0.987244275942997 -0.006834645147663868 -0.15769682971016 -0.020826356927105102 
frame00126.jpg -6.234575599849164 -6.042363314964034 116.64623605856562 0.9836780700841689 -0.00826862386272535 -0.1780942891829485 -0.024320946842570888 
frame00127.jpg -6.72956397774676 -6.298031719683843 117.4766697841418 0.9800783011277805 -0.010323353351051457 -0.19647822861524633 -0.02713406925407946 
frame00128.jpg -7.230615997483788 -6.280991431900929 118.34191917137633 0.9762739237575706 -0.011854138393766853 -0.21416732746434125 -0.02968267239851069 
frame00129.jpg -7.756684382045748 -6.206957478750445 119.18913285666788 0.9721001648402536 -0.01393185079921919 -0.23171360788600054 -0.03370425746563734 
frame00130.jpg -8.359908857269813 -6.248164299272755 119.9856391218241 0.9674262220492635 -0.015521988371254535 -0.2500919396107708 -0.036049889184453246 
frame00131.jpg -8.748172494191794 -6.262212277041542 120.90708038558687 0.9619524788705813 -0.016769914289470795 -0.26995907815223547 -0.038578420038409354 
frame00132.jpg -9.265721151185497 -6.216081118462647 121.76148971597377 0.9565201874414057 -0.018305796897085287 -0.28826463009232783 -0.04046642873730592 
frame00133.jpg -9.800288305164285 -6.18171940709052 122.60591687723671 0.9505864970229412 -0.019860486092802238 -0.30689720529737025 -0.0424850344294607 
frame00134.jpg -10.324391239076933 -6.254538492047477 123.45445296694072 0.9440788651632491 -0.020699724265930235 -0.3261079154944902 -0.04404821471094795 
frame00135.jpg -9.951593380732453 -5.687376449291758 124.18885678914681 0.9334848755040108 -0.010576159128962783 -0.3546249036581853 -0.05230018899354204 
frame00136.jpg -9.151086224190392 -5.748858207804389 123.59269549746885 0.9275693291455507 -0.012332647158703155 -0.36949247810209346 -0.05420658694755969 
frame00137.jpg -9.793296688643439 -5.753061230225713 124.35921232960598 0.9219220794165194 -0.013349757011840017 -0.3833210279508519 -0.05428123987848207 
frame00138.jpg -10.664892737432139 -5.771796905824572 124.84907894634546 0.9172564510491943 -0.014811814223567367 -0.3941965846534829 -0.05504785023568415 
frame00139.jpg -11.473506188439051 -5.793657868012999 125.43701294364693 0.9124715398469749 -0.016012651996667588 -0.40504600444490385 -0.05547087730097719 
frame00140.jpg -12.167017310768102 -5.834019108381857 126.15632740442315 0.9076682825648822 -0.017414846635544674 -0.4157894973895632 -0.054351686293152006 
frame00141.jpg -12.866218193140385 -5.77541569306788 126.8688467134972 0.9027979486129074 -0.01810320440628809 -0.42632980387677427 -0.05358205200380781 
frame00142.jpg -13.596659240516225 -5.898199196629005 127.54069497580183 0.8977517789425506 -0.018913500149155223 -0.43683331038667267 -0.05348534242399208 
frame00143.jpg -14.442904911662417 -5.902957135396712 128.07346662114813 0.8943564244474712 -0.01944485539357613 -0.44373922575398833 -0.05332900876170423 
frame00144.jpg -15.205900210550856 -5.8099101337733 128.71313874760278 0.8921674611887008 -0.019757332568371037 -0.44799118095714907 -0.054320997694325406 
frame00145.jpg -16.06259056229952 -5.844203627717296 129.2278285546651 0.8904312741993439 -0.019202160435586212 -0.45141979402628785 -0.05462227131491372 
frame00146.jpg -16.891227342172275 -6.0244201935013315 129.75781258882003 0.888974397319807 -0.01941320160589159 -0.45417429271947696 -0.05543789629896704 
frame00147.jpg -17.688110209385393 -6.053106346064171 130.36126499008574 0.8877851381522409 -0.018631150256389936 -0.45663921224136317 -0.05450741747427417 
frame00148.jpg -18.474053058067604 -6.028933175793243 130.9790914191452 0.8870822733666213 -0.017524102458603898 -0.45806199533520314 -0.054379725461396265 
frame00149.jpg -19.297724247231297 -6.0342816166593325 131.54613389226512 0.8865124601240711 -0.01589440572363437 -0.45933548561641596 -0.053422257206038215 
frame00150.jpg -20.12909696266794 -6.082262149176523 132.09977391658316 0.8862352320778085 -0.014778641042775566 -0.45997469843081756 -0.052839208892613114 
frame00151.jpg -20.985209411291592 -6.08012239222011 132.61655907189606 0.8865564308902989 -0.013732481039668173 -0.4594354376499374 -0.05242320519538389 
frame00152.jpg -21.828622154738042 -6.063462101315221 133.15356687342143 0.8871059239145711 -0.01196599799784676 -0.4584720939300194 -0.051992631545356424 
frame00153.jpg -22.53694143632672 -6.1077876250381635 133.85806601698116 0.8879713410630903 -0.009939225976308419 -0.4570040778832631 -0.050550786696887055 
frame00154.jpg -23.29590187910531 -6.114616341989225 134.5091669422778 0.8887686125165077 -0.008788478486594685 -0.4555832786577081 -0.049568056839685605 
frame00155.jpg -24.08367220732245 -6.067949682519153 135.12336571537537 0.8896572681439782 -0.007455206509592703 -0.4539306158044915 -0.04900368526799865 
frame00156.jpg -24.90474286672918 -6.118984517941277 135.69190631888125 0.890654467936363 -0.006123400039329082 -0.451984783886016 -0.04905994142333259 
frame00157.jpg -25.663146469890954 -6.226377370814868 136.33478325100972 0.8913901232238148 -0.00444107741037664 -0.45061576912692775 -0.04847013167520268 
frame00158.jpg -26.43356176402742 -6.200133883936135 136.97178525568245 0.8920624667925701 -0.0025392450126413336 -0.44933909642869013 -0.04808829374562861 
frame00159.jpg -27.269153706973718 -6.201957509102483 137.5211328499017 0.8925485709901613 -0.0008192285766381194 -0.4482865285243223 -0.048944515847732975 
frame00160.jpg -28.01836573706991 -6.326393833281968 138.17166873298873 0.8929728178553348 -0.00015538642563361213 -0.44746478276391083 -0.04873182340734592 
frame00161.jpg -28.816694622043713 -6.336590512591294 138.7738041157288 0.893394973598496 4.342052276174786e-05 -0.446465244067772 -0.05014184981731958 
frame00162.jpg -28.279629350098226 -6.2857574724993865 137.93179645798148 0.8933064645962419 0.0009133487101151949 -0.4466077023930366 -0.05044091858706305 
frame00163.jpg -29.045743916256146 -6.318692883585205 138.57365604559956 0.892958674385541 0.0015438170413288842 -0.4471370311209194 -0.0518738649892888 
frame00164.jpg -29.889754173911097 -6.361210050718402 139.10829515329016 0.8929258711647088 0.0015252627587226334 -0.4469573599870229 -0.05394608912321875 
frame00165.jpg -30.77501403116323 -6.358037923652271 139.57338108378883 0.8930745910645893 0.0008355381689906721 -0.44632913928477674 -0.05663370106298824 
frame00166.jpg -31.65295775914466 -6.338568044696966 140.05174886522016 0.8930361066236493 0.0012497820220485252 -0.44613494442325385 -0.058724455517511986 
frame00167.jpg -32.475965254760254 -6.323587365439275 140.61958179963796 0.8926424489781649 0.0004532637923466164 -0.44667025584646497 -0.060621245254851845 
frame00168.jpg -33.24446225094635 -6.354235197597615 141.25870078483317 0.8921143250610638 -0.0001371966112269871 -0.44758580375966517 -0.06163570775730341 
frame00169.jpg -34.02082985618869 -6.220437013835131 141.87461586627876 0.8919860106002198 -0.0013210209912973311 -0.4475619361470788 -0.06362016275772993 
frame00170.jpg -34.85511838844361 -6.236529523758318 142.4257090308819 0.8917225848324107 -0.0020996626301965624 -0.44791556547921596 -0.06479250973742536 
frame00171.jpg -35.719126016760264 -6.247610223127028 142.92906579929982 0.8916838703596237 -0.003673410172218764 -0.4477244259397778 -0.0665523839924721 
frame00172.jpg -36.5781659791741 -6.192577220903423 143.43800755593045 0.8916585858287143 -0.004906415924987514 -0.4477068974468551 -0.06692852440638636 
frame00173.jpg -37.43657223974241 -6.194674159670778 143.95097372895256 0.8913008925510669 -0.006366252583280856 -0.44834083475382874 -0.06732522304422034 
frame00174.jpg -38.30388216848794 -6.27545138892024 144.4421442968149 0.8911672459419894 -0.006265757732928493 -0.44873526516500895 -0.0664706088244104 
frame00175.jpg -39.16347465529788 -6.255029897098294 144.9527162499142 0.8912438523603383 -0.0073215887240213485 -0.4486576687230771 -0.06585655824919656 
frame00176.jpg -39.982543346208764 -6.198767167400302 145.52364617977992 0.891194420643536 -0.008817615207150737 -0.4487139196973945 -0.06595887010620848 
frame00177.jpg -40.79652598741165 -6.167872501001994 146.10371322711885 0.8907855223427764 -0.008510846811589624 -0.4497292973198559 -0.06459317149081417 
frame00178.jpg -41.66919507008986 -6.200546321017972 146.59093093371737 0.8905301158959785 -0.009647896074443454 -0.4502933234767036 -0.0640230709661211 
frame00179.jpg -42.52998791901995 -6.16663268828087 147.0987552505292 0.890443170410879 -0.010775409653524762 -0.45048990208346545 -0.06366866526201927 
frame00180.jpg -43.338674578249176 -6.118408354111568 147.68501483533663 0.8898712865839821 -0.010464079288135862 -0.45192402285605154 -0.06151645246289145 
frame00181.jpg -44.15961548977883 -6.1401926494974965 148.25561229787164 0.8892246817383889 -0.009958068856288587 -0.4533782562026311 -0.06023669192918973 
frame00182.jpg -45.052399834144374 -6.172106541482955 148.70496474078712 0.8888860418916351 -0.010384304239932845 -0.45416691380195745 -0.05921304892738166 
frame00183.jpg -45.95530175112305 -6.106701634399522 149.12980627176736 0.8889155063805452 -0.010820542418872012 -0.4541322830443887 -0.058957678676047134 
frame00184.jpg -46.776073638964455 -6.110244818314381 149.70105136275458 0.8884907568622036 -0.01062054735232754 -0.45501051912986346 -0.05862428187648866 
frame00185.jpg -47.6477530895652 -6.145914015196453 150.1898280436572 0.8884758542581905 -0.011510242949550798 -0.4549474469404079 -0.05916917465895461 
frame00186.jpg -48.49816846871122 -6.1107187711326185 150.71476135152326 0.8887364364559236 -0.011507044206685 -0.45442468720656776 -0.05927341821137632 
frame00187.jpg -49.35556729617757 -6.112234269487077 151.22941167351294 0.8886669406519812 -0.011078043272194141 -0.4546759342503831 -0.05846486434641738 
frame00188.jpg -50.20929070475501 -6.1689948159188805 151.747035650948 0.8883528835842055 -0.01051123855014486 -0.45539381229360376 -0.05775070403435022 
frame00189.jpg -51.09503217764389 -6.19549627034789 152.2104573985147 0.888583658583691 -0.010820440778283952 -0.4549264218438189 -0.05782690090054945 
frame00190.jpg -51.9033339038356 -6.221831426661819 152.79863660503037 0.8886555773191186 -0.011766583590731872 -0.45473456479262264 -0.058045568246738226 
frame00191.jpg -51.26329451128231 -6.168024415165926 152.03218087800244 0.88869636432324 -0.012981117023118082 -0.4546549462095454 -0.057785314109027736 
frame00192.jpg -52.07299917796996 -6.273484641852175 152.609464597963 0.8893531040102881 -0.014587727461784446 -0.4532977239800165 -0.05796057305875518 
frame00193.jpg -52.867498153221725 -6.279393483476517 153.2167013424989 0.8900092168976611 -0.01584409094907584 -0.4520538455985471 -0.05727023047596859 
frame00194.jpg -53.779655727528855 -6.234262173077972 153.62404852176473 0.8913830111770842 -0.01819341831159662 -0.4491819195532471 -0.05780077907320639 
frame00195.jpg -54.66881021387174 -6.22237946335442 154.0815013615482 0.8927702762442042 -0.02176870435852974 -0.44633938735015133 -0.05717087252513825 
frame00196.jpg -55.61591877291611 -6.051768363532336 154.3533050223079 0.8943618367297298 -0.026586764966360903 -0.44306394986861897 -0.05571701048029663 
frame00197.jpg -56.47677981262374 -6.257607943531336 153.88795747732746 0.8978641300746197 -0.03329850032344351 -0.43611687055859866 -0.050331789315762335 
frame00198.jpg -57.40275158244632 -6.10060065349093 154.23135956288579 0.8990548982903684 -0.04022243092664246 -0.4334080084145078 -0.04732804826540483 
frame00199.jpg -58.31668094077807 -6.0136052178464485 154.6277998763711 0.9001155168489509 -0.048146563642674764 -0.43076807540521034 -0.0437359114325361 
frame00200.jpg -59.21601836896404 -5.922338368176389 155.0554241886069 0.9010297825644824 -0.05659313521074597 -0.42810386628820113 -0.040861077419831415 
frame00201.jpg -60.051734781441475 -6.04147592154286 155.5915065715423 0.9014889776906694 -0.06517685053489858 -0.42631663447659257 -0.03638307882973214 
frame00202.jpg -60.906870666561254 -6.090976947182688 156.10754171224593 0.9019354771740542 -0.07101808155503148 -0.4247511024206102 -0.03248581381966708 
frame00203.jpg -61.713092899153224 -6.125451526531251 156.69814920885696 0.9017626259262719 -0.07446438160450967 -0.42480689206560146 -0.028606412015014588 
frame00204.jpg -62.58086652318866 -6.170823680831304 157.1930333418038 0.9020513010012586 -0.07713988644722597 -0.4238389645773512 -0.026709930491118458 
frame00205.jpg -63.45361306630231 -6.209866924008452 157.67964314097085 0.9022454912219351 -0.0792432407392072 -0.4231087109060343 -0.02554605884019401 
frame00206.jpg -64.27755707906896 -6.197605616666528 158.24618168702773 0.9024174974599705 -0.07982450021944314 -0.4226304174403136 -0.025578109723403488 
frame00207.jpg -65.09760381281703 -6.264754907249425 158.81452518109037 0.9025318948532286 -0.07908134088176827 -0.42248258751794715 -0.026282761291731783 
frame00208.jpg -65.89993224129198 -6.350016477679083 159.40528702605735 0.9025250186171733 -0.07801483456098277 -0.42269082995140017 -0.026357895088299676 
frame00209.jpg -66.74364727659592 -6.4188255372704 159.9376499215715 0.9024648262108211 -0.0764450568136648 -0.4230050162251781 -0.027931111495255297 
frame00210.jpg -67.59774750504299 -6.476680313203891 160.45453058929698 0.9023128703229585 -0.07356471516459542 -0.42366842566213364 -0.03041022573511224 
frame00211.jpg -68.49035925352234 -6.628279497754033 160.8791032611923 0.9023694182279891 -0.0703256553304544 -0.4239897796922678 -0.03188105967059903 
frame00212.jpg -69.34065259405715 -6.676297696122885 161.40321726374097 0.902293628056013 -0.06718594609434596 -0.4244963406735164 -0.03398697061690517 
frame00213.jpg -70.25009292473102 -6.700526972841141 161.81834522846208 0.9024941425942964 -0.06490755145401478 -0.4241250991290048 -0.03753974741574187 
frame00214.jpg -70.89798808773241 -6.787372762047539 162.57510785085864 0.9020964161588422 -0.06307516078208732 -0.4250430911673654 -0.03977374380886429 
frame00215.jpg -71.66176469308968 -6.767948953461986 163.22029620534823 0.9023654792515302 -0.05837661023409585 -0.42494252740044325 -0.04186360757569289 
frame00216.jpg -72.4118617333189 -6.763112210081082 163.88160629611716 0.9026151022330126 -0.05242820167534012 -0.42492250266862597 -0.044476146593486185 
frame00217.jpg -73.29662997897205 -6.8905237937483665 164.32988237157872 0.9028564453604897 -0.046657822633507186 -0.42489441528576294 -0.04623875557458819 
frame00218.jpg -74.06404243902898 -6.881332345536922 164.97097022314756 0.9027007865922833 -0.03867781263444793 -0.42606309634407546 -0.04588632289890033 
frame00219.jpg -74.86786655802008 -6.886280421893614 165.56581667582972 0.9035604385148023 -0.034504091903013095 -0.42464420476952736 -0.04544558227746551 
frame00220.jpg -75.64131101748752 -6.968860914700297 166.19427839330098 0.9053744052580346 -0.035002571897544285 -0.42036002407646533 -0.04867706259262696 
frame00221.jpg -76.40119271007268 -6.847001124992268 166.83281578838935 0.9054170965636767 -0.03643263882864262 -0.41978789419149043 -0.051678505865135345 
frame00222.jpg -76.69904807058423 -6.635611442287136 167.7637274846637 0.9029747554806132 -0.0375860623046871 -0.4246605252051244 -0.05373376236276721 
frame00223.jpg -77.4351686173933 -6.765338702038092 168.4280296588608 0.9002596279585162 -0.040937567165672324 -0.43001436189751957 -0.05426201640571907 
frame00224.jpg -78.24172169825157 -6.712159258721696 169.01679453091634 0.8981077123954472 -0.04481931565964081 -0.4341495347948419 -0.05392538657289327 
frame00225.jpg -79.1759814259705 -6.916074106349623 168.72425821508634 0.8971278684768684 -0.049558323764053135 -0.4359733550719461 -0.051310757304428974 
frame00226.jpg -79.97543593269309 -7.04529713839284 169.31092157653862 0.8966853669133569 -0.055376123392430886 -0.43643480917974636 -0.0491273351375652 
frame00227.jpg -80.77998124782229 -7.12207941975939 169.89982845981626 0.897032188138437 -0.06192942699070808 -0.4349918822433866 -0.047749993701794974 
frame00228.jpg -81.54358039973114 -7.138981030431527 170.54529780127314 0.8960845407506393 -0.06509434339361997 -0.4365432887996116 -0.047171806090964837 
frame00229.jpg -82.36290606994456 -7.247197774352456 171.1083205205878 0.8935783078109081 -0.06437199541512827 -0.4418178983224795 -0.04659397748605748 
frame00230.jpg -83.22999474496066 -7.277946032134371 171.6055244770304 0.8903831302019717 -0.0625510519682978 -0.44853805106599937 -0.04603112094342571 
frame00231.jpg -84.12784204089068 -7.259961506150663 172.04546400698456 0.8888288070301328 -0.06036232362761923 -0.45185323694300167 -0.046566017048835055 
frame00232.jpg -84.9165729965687 -7.315623814128008 172.65767735788918 0.8894062070694327 -0.0591345419506341 -0.45089073170095917 -0.04644623602428022 
frame00233.jpg -85.70482299106433 -7.358576742627454 173.27153156868434 0.8911248446873251 -0.05829342201220341 -0.4476117193876416 -0.04628322372018009 
frame00234.jpg -86.24139459260279 -7.616619554906896 174.07496471677655 0.8916641369298072 -0.05698257795247288 -0.4466873550219432 -0.04645922498931932 
frame00235.jpg -87.05595638152911 -7.718768778994238 174.64597665013653 0.8915580092162628 -0.053607389337265436 -0.44733549707596326 -0.04627652824675881 
frame00236.jpg -87.92037927290733 -7.7349772196050415 175.1484807310297 0.8907221131572783 -0.05120917791026844 -0.44939819734492553 -0.045088773031804905 
frame00237.jpg -88.77736036153294 -7.894242663320826 175.6386010552115 0.8897868287326393 -0.05105681149161916 -0.45128066556906654 -0.044926187215893386 
frame00238.jpg -89.671459652444 -7.8818168169050935 176.08629744377544 0.8892514255820535 -0.0506056500317379 -0.45233261001528546 -0.04545525494269869 
frame00239.jpg -90.35510365659248 -7.882134750845101 176.81611301945867 0.8881985712470186 -0.049820585956700615 -0.4544500985135005 -0.045785534951012875 
frame00240.jpg -91.0835125036035 -7.781456305510734 176.1384077721416 0.8924972706773472 -0.047199694320627074 -0.44637868020229055 -0.04434957215556339 
frame00241.jpg -91.94685945629199 -7.812240294389508 176.64207868187552 0.8915632462385816 -0.04636500238348515 -0.4482542721873787 -0.04509292601129079 
frame00242.jpg -92.81267022529133 -7.837286482936496 177.14182301723514 0.891123752593544 -0.04587243031806949 -0.4490049307916561 -0.046784076618959274 
frame00243.jpg -93.63163670089558 -7.942019239059774 177.70602596089208 0.8906201340718191 -0.04532960744600168 -0.44987511841659844 -0.0485116615292925 
frame00244.jpg -94.42891341654335 -8.020048853190826 178.30457522202641 0.8906580155783537 -0.044871803352964666 -0.44966796021120664 -0.05013527809207212 
frame00245.jpg -95.22535638027007 -8.059973334289706 178.90796948893586 0.8910016461290685 -0.04430792211789583 -0.44870666234280565 -0.053058513002710306 
frame00246.jpg -95.95941407882013 -8.105983489601297 179.58549613845423 0.8905919062022398 -0.0402671059735794 -0.44952104503721413 -0.05617336425939657 
frame00247.jpg -96.81689836308801 -8.15580346245455 180.09758858375926 0.8901768294353333 -0.03544449278838037 -0.4504700768298948 -0.058357605745056 
frame00248.jpg -97.5906670802509 -8.116147123858855 180.72981429278198 0.8908103423821145 -0.02643816908422426 -0.44976867516708663 -0.05887355908191777 
frame00249.jpg -98.3591529358629 -8.162395396869268 181.36800751349796 0.894936033970795 -0.019613320428932702 -0.4417632604181411 -0.0595821660155476 
frame00250.jpg -99.2288634927157 -8.123165143159833 181.86000805668127 0.899075982522313 -0.015634763750114324 -0.4330062067595165 -0.06263830075716341 
frame00251.jpg -100.05180849705316 -8.109706791092163 182.42796966858444 0.9005394778586281 -0.01203710457185074 -0.4298712880772846 -0.06398775365963816 
frame00252.jpg -100.86704946767352 -8.097784607607316 183.00696882347407 0.8992615309546717 -0.006789293709131296 -0.4323585830777292 -0.06594437106382972 
frame00253.jpg -101.67434081258358 -8.100745112739894 183.5971145002715 0.8976966831709875 -0.002540483996440292 -0.43538246935682295 -0.06764847626976783 
frame00254.jpg -102.55202571002287 -7.957492133874382 183.1397876971502 0.8983775282637058 0.0018860877133973393 -0.4336967487919436 -0.06943622592872102 
frame00255.jpg -103.41768643033114 -7.915454856951679 183.63865078925494 0.8992712836289153 0.0039047115270525205 -0.43128365124195567 -0.07273461239118094 
frame00256.jpg -104.17905695591504 -8.038474058928989 184.27518923956015 0.9011751756681639 0.004633097820219045 -0.427012832719396 -0.07430933896216643 
frame00257.jpg -104.92251491934215 -8.059239298182412 184.94364945636858 0.9021825315408355 0.0032389798078911987 -0.42485513539929975 -0.07452719448101316 
frame00258.jpg -105.28958593425848 -8.277162379119837 185.8479549361723 0.9003743927009403 0.00133436335875002 -0.4287898342905962 -0.07391515711866871 
frame00259.jpg -106.08651997737982 -8.238167310223812 186.4507613026915 0.8968530838084925 0.0008920118851408407 -0.43638458931141094 -0.07226507171171785 
frame00260.jpg -106.86908129392135 -8.168123561906965 187.0693820743881 0.8930793916735931 -0.00022589675269034018 -0.4442735080484515 -0.07092389713558661 
frame00261.jpg -107.65395719395855 -8.177361078599692 187.68896620090052 0.8910659054175092 -0.003156681924864756 -0.44838985736355547 -0.07027178221153015 
frame00262.jpg -108.39687079259672 -8.235409144687791 188.35583185977185 0.8913688824885188 -0.006190182415799968 -0.44778972046385107 -0.07005400216782215 
frame00263.jpg -108.40794344004152 -8.340501764115631 189.3502326531245 0.8905310980810052 -0.010428130986944457 -0.4491178076633154 -0.07168550951517404 
frame00264.jpg -109.09841268188013 -8.251054070056075 190.06804275064488 0.8906590836805455 -0.012890122141588462 -0.44889278115712566 -0.07110212678620555 
frame00265.jpg -109.76849756457828 -8.229471270260278 190.81001339206702 0.887544375132407 -0.013176236368350209 -0.45541223110380363 -0.06849137702690106 
frame00266.jpg -110.61757614355645 -8.281936178040608 191.33566822194305 0.8826185192790055 -0.013101310229655482 -0.46516948373600636 -0.06656017200078551 
frame00267.jpg -110.01633116342282 -8.162311948503904 190.5456084029598 0.8778985373094104 -0.01177193644127 -0.47431218937391384 -0.06468018795380835 
frame00268.jpg -110.85931965402149 -8.121074802938633 191.08195707923653 0.8752973759689427 -0.011149020709612005 -0.47913810423041375 -0.06447387093683721 
frame00269.jpg -111.61725580279335 -8.138276730740326 191.73405897929877 0.8747421902700825 -0.00968330153098456 -0.4800342625169458 -0.06557012309555027 
frame00270.jpg -112.32287378567985 -8.339244515151893 192.41355527204502 0.8754224421727325 -0.00903494749018979 -0.47855938493359884 -0.06734116539048403 
frame00271.jpg -113.16617613395051 -8.307932285858852 192.95008177996226 0.8757693613006888 -0.008602979513440192 -0.477752772702561 -0.06860249795367958 
frame00272.jpg -112.50517029892015 -8.272198910010681 192.2005523196298 0.8751344274994929 -0.007443329264051632 -0.47880020767177867 -0.06953194796680036 
frame00273.jpg -113.21581831017045 -8.471481405243214 192.87528626067612 0.8741591418450161 -0.006721094899438596 -0.480642996104615 -0.06915874426065972 
frame00274.jpg -113.90797998153859 -8.583774105066558 193.58823967448043 0.8733977276489898 -0.005695584166684844 -0.48215033973490096 -0.06837411463481825 
frame00275.jpg -114.75908969761741 -8.529790062426914 194.1104445905206 0.8737120350286572 -0.00581791567219422 -0.4815081881993415 -0.06887159356582145 
frame00276.jpg -115.63541862271026 -8.621133446804123 194.58341816396432 0.8743955106073212 -0.006169945686132104 -0.48024297826251994 -0.06900075818084647 
frame00277.jpg -116.5234394199286 -8.647452116596027 195.0424676071925 0.8755873895531373 -0.006977353869835084 -0.47793083381453183 -0.0698581267844955 
frame00278.jpg -117.27374784974329 -8.585521947327091 195.70064836829334 0.8762996761539407 -0.007570806264926249 -0.4767044425959508 -0.06924185781935777 
frame00279.jpg -116.61410210008763 -8.579730610627845 194.9490940153817 0.877019041177169 -0.008345888417677264 -0.47548493196513403 -0.06842533911721169 
frame00280.jpg -117.41444679715734 -8.808663083903934 195.50320437311927 0.8777506736167395 -0.009131776637811043 -0.474292309621913 -0.06720989997242272 
frame00281.jpg -118.28458502853871 -8.828393092873712 195.99561698976768 0.8787906847865634 -0.008998725392893477 -0.4724856730038494 -0.06635694447275531 
frame00282.jpg -119.11088513148123 -8.816191555090793 196.55871490518996 0.8796697045929811 -0.008067924015962817 -0.47113386957004194 -0.06441270346230771 
frame00283.jpg -119.77654273987554 -8.9438536067986 197.2939715603387 0.8802400769499059 -0.006490570397085171 -0.47024069300523846 -0.06331642811381523 
frame00284.jpg -119.11288019555539 -8.69838593044657 196.58736159215763 0.8808360237893279 -0.0051956832836251845 -0.46938695469789143 -0.06145560047430064 
frame00285.jpg -119.93122532951034 -8.733773451614445 197.160998206294 0.8816827547834492 -0.0027556238601219663 -0.46812559129489784 -0.05904538279498702 
frame00286.jpg -120.83120962758292 -8.56354044494972 197.5623072974752 0.8819130702112522 0.000613042768975555 -0.468093741402728 -0.055831980340272716 
frame00287.jpg -121.65742893388972 -8.640114382015039 198.12042743691492 0.8805905918693799 0.0015756252650005098 -0.4706748029386738 -0.0549814222696552 
frame00288.jpg -122.48980080142172 -8.661409843567059 198.67423568663548 0.8788929257539662 0.0036542735488890804 -0.4739126203044371 -0.054228218305969994 
frame00289.jpg -122.62497983662308 -8.97763230363048 199.61324047053887 0.8759567103662887 0.0037633274410964665 -0.47919551470411226 -0.055293196853645074 
frame00290.jpg -123.06875105580414 -8.98663094712492 200.50933540381425 0.8736667023299095 0.0050134403009852325 -0.48311752105028327 -0.05726097720571261 
frame00291.jpg -124.00902681856817 -9.313584983411861 200.6041117094722 0.8739222594840611 0.004547092731260201 -0.4822817845326136 -0.060361317364670784 
frame00292.jpg -124.4335469180137 -9.12027793956379 201.488654004654 0.8734877952688933 0.005719476344036429 -0.48256090347551883 -0.06419761322294701 
frame00293.jpg -124.45660304500672 -9.040779824402197 202.4852223488702 0.870762153586219 0.007848235755734385 -0.48695393949837085 -0.06773136558806095 
frame00294.jpg -125.19943752269636 -9.365858724246044 203.07047498460273 0.8690590766278692 0.009640276577358236 -0.4899231986889411 -0.06796061936605419 
frame00295.jpg -126.0788028622316 -9.30996665527696 203.54333085720071 0.8688563198385076 0.011698451927096029 -0.4901214844155282 -0.06879514672931142 
frame00296.jpg -126.87774198840282 -9.224982999714742 204.1387080913641 0.8695654754782578 0.013924188092842111 -0.4886750299514512 -0.06970449012917938 
frame00297.jpg -127.87494395483547 -9.281155982002742 204.0893843222086 0.8718295113361864 0.01693981872128938 -0.48449460958001045 -0.06993796531858405 
frame00298.jpg -126.97249279815202 -8.857776755870484 204.1689578145306 0.8745881602751904 0.017626205541535378 -0.47920630597946307 -0.07173690189976452 
frame00299.jpg -126.40643099977638 -8.715520063562803 203.35696207937343 0.8757891906572036 0.01973848123658016 -0.4766001042816831 -0.07386492053171095 
frame00300.jpg -125.46457124999719 -8.776535177572416 203.02654209267732 0.8778378734075276 0.02190690768062074 -0.4725259120868135 -0.0751000520222262 
frame00301.jpg -125.59707749067213 -8.392207742814055 203.94018016055443 0.8769563048410236 0.02701817342043047 -0.4733006824605566 -0.07876624713014016 
frame00302.jpg -126.50761140850216 -8.498575500301445 204.33969722483104 0.8780893984446438 0.02872842701231934 -0.4708540384533891 -0.08018828026993381 
frame00303.jpg -127.36280122626313 -8.458071546079266 204.85642714005786 0.879041133272878 0.029993546223432817 -0.4687739509792008 -0.08147426638283232 
frame00304.jpg -128.26632189149996 -8.557352833672685 205.2733127759627 0.8805908257566084 0.02968123813451329 -0.4657679242061611 -0.08209179299280944 
frame00305.jpg -129.15058008829718 -8.504301644176495 205.73728800449322 0.8827192944423462 0.028445633697703566 -0.4615897470745078 -0.0832610265275905 
frame00306.jpg -129.95308057685403 -8.428584878595547 206.32911562912386 0.8844793060337097 0.024761516353952375 -0.45831106302428826 -0.08387010203594938 
frame00307.jpg -129.82121547003533 -8.84683728204683 207.2278238802326 0.8819178628248109 0.019116678765005512 -0.46397317133709265 -0.08114389750873445 
frame00308.jpg -130.66036731917643 -8.777343465646382 207.76726320357224 0.8805445563467433 0.014756507547061848 -0.4668895186063425 -0.08023532382100505 
frame00309.jpg -131.59779574614984 -8.773649072257383 208.11542163842574 0.8794970498507196 0.010901209756193868 -0.4692888251483662 -0.07832050510940138 
frame00310.jpg -132.45931165444617 -8.717067169226596 208.6199896001532 0.8790736414173336 0.008048462453721181 -0.47040351135436637 -0.07671565500519598 
frame00311.jpg -133.3654443300014 -8.606257529941468 209.02821110636353 0.8795942031507319 0.00651830308311886 -0.46958312768574617 -0.07591597790591263 
frame00312.jpg -133.505655324485 -8.07511052429076 209.8638089375085 0.8783125821750234 0.01002705838196596 -0.4712909509998055 -0.07969507888784484 
frame00313.jpg -134.36397661745633 -8.098971025273235 210.376366480156 0.8791801548969657 0.008653841470645287 -0.4696277711624105 -0.0801069461168526 
frame00314.jpg -135.24278708886595 -8.072798069409144 210.8528191343853 0.8784383236349388 0.00991931122949046 -0.4710478663335095 -0.07975980476914783 
frame00315.jpg -136.17375007818083 -8.296780113292497 211.14115913602177 0.8749870482740263 0.010231142778258437 -0.47757919416984757 -0.07881054730320045 
frame00316.jpg -137.09292883396017 -8.301459382804634 211.534971933377 0.870261060469309 0.012068756735379584 -0.48617521798637076 -0.07831787252980064 
frame00317.jpg -137.9537570667176 -8.252475756922616 212.04150461552413 0.867001682044653 0.014502943807466069 -0.49205908024479517 -0.0773020666043234 
frame00318.jpg -138.767392878487 -8.473019606789517 212.57942391810795 0.8670489646616258 0.015983553434868764 -0.4918821424021865 -0.07760526325337584 
frame00319.jpg -139.66046064492738 -8.631147221664566 213.00064312702307 0.8694711354765794 0.016850059004237708 -0.48741335896789484 -0.07851265875162315 
frame00320.jpg -140.47932158992057 -8.590081783359908 213.57316420309076 0.8693267311288437 0.01900955918310173 -0.4876551666812488 -0.07811600100862806 
frame00321.jpg -141.3408463772158 -8.587218728803794 214.08087164226663 0.8633915199272945 0.022412000586229337 -0.4982623161239677 -0.07607529085144317 
frame00322.jpg -140.38848565728992 -8.460871358740716 213.80330110849115 0.8574754017811725 0.02460753640608606 -0.5084122370772216 -0.07514919615250781 
frame00323.jpg -140.3662452542927 -8.866053572782846 214.7172665005594 0.8515405757402131 0.025393251880803634 -0.5182162936713182 -0.07540360469168465 
frame00324.jpg -141.2637081084148 -8.820286856633187 215.15597578147774 0.8521133091148817 0.028475280231227643 -0.5167527024288187 -0.07783772464265071 
frame00325.jpg -142.2066864826049 -9.023355589427942 215.41970836492328 0.8558453402189763 0.02829568130960528 -0.5101167702437477 -0.08067830415155426 
frame00326.jpg -143.09186565791543 -9.124897426231941 215.87374259598414 0.8598123685480666 0.026551332588408603 -0.5032880566045909 -0.08196858976895154 
frame00327.jpg -143.92999162968613 -9.093255267989532 216.41830079238298 0.8609429880839423 0.025305377343547167 -0.5016490027144471 -0.08053003925360609 
frame00328.jpg -144.82616518930044 -9.064317924209632 216.8610598478332 0.8588228766698714 0.024943249910252395 -0.5056151241436669 -0.0784502838081489 
frame00329.jpg -145.6540638121228 -9.111087504899901 217.41998424043996 0.8541022463892392 0.024471173038637484 -0.5139882930606359 -0.07567396513713105 
frame00330.jpg -146.59473809865747 -9.100221300855145 217.7591211040543 0.8497788686811779 0.021884316452565427 -0.5213558966750501 -0.07473272401357565 
frame00331.jpg -145.60869509567604 -9.166433529839129 217.60636267710404 0.8468302651530404 0.019301610325360322 -0.526451970911209 -0.07317289240816059 
frame00332.jpg -144.71197841366364 -8.85477469573859 217.92063638476623 0.8454735978143294 0.013510889886166692 -0.5287849580795028 -0.07333702586162885 
frame00333.jpg -145.5462471726329 -9.054225710700628 218.43465479925985 0.8415009885229928 0.008893085194445491 -0.5353389071621595 -0.07217516074778281 
frame00334.jpg -146.49074384300567 -8.980212246761797 218.7547298635971 0.8352414992111602 0.007720263438119639 -0.5451274445013669 -0.07175029462895592 
frame00335.jpg -147.39993280256328 -8.955308434499994 219.1703682111462 0.826253531002782 0.007596515774662896 -0.5589204469925643 -0.06968019365031591 
frame00336.jpg -148.24285174151416 -8.996058646830846 219.70686339523726 0.8179119538720648 0.0069246400160620945 -0.5711552282997331 -0.06894773571120577 
frame00337.jpg -149.18465575590278 -8.876699087131831 220.02112203710715 0.8112999017415241 0.005130580203586797 -0.5805269879766134 -0.06895333793053077 
frame00338.jpg -150.0750154710089 -8.944165435168173 220.47135294408574 0.8064191371693952 0.003034669578988489 -0.5873664765027967 -0.06840751616743024 
frame00339.jpg -151.03137401747637 -8.90934148297728 220.76146606504443 0.8037258605742574 0.00022971540037706274 -0.5909515022671061 -0.06928932272181369 
frame00340.jpg -151.92984638188247 -8.861339439726704 221.19786406485912 0.8009046301450571 -0.0026699617413324596 -0.5948086241789544 -0.06890098198749631 
frame00341.jpg -152.81417171235123 -8.813189564194152 221.66224569603926 0.7972658437182903 -0.00417214101780624 -0.5997476522286938 -0.06820939323621547 
frame00342.jpg -153.7414375303904 -8.912402085370166 222.02326505609906 0.7906033272142513 -0.0027180563180007862 -0.6087567499261293 -0.06598644244825223 
frame00343.jpg -154.71420497884216 -8.816669367696656 222.2343544636957 0.784175114204926 -0.0004081395868580129 -0.6169569737504986 -0.06658315270688302 
frame00344.jpg -155.70686629773576 -8.93747102918644 222.23987393411593 0.7811099577169868 0.0025548586651949097 -0.6205645449671422 -0.06899530550902998 
frame00345.jpg -156.68083632876773 -8.984699877823186 222.46157601914902 0.7817583399737331 0.0033384750667044003 -0.6191026309239093 -0.07452975814282883 
frame00346.jpg -157.67091756217488 -8.909109998038804 222.5800045686173 0.7826368157565721 0.004695577208760746 -0.6173999429889443 -0.0792141185290281 
frame00347.jpg -158.60165199463702 -8.887890967994036 222.94508424347381 0.7762996980553312 0.008129700830879761 -0.6250741732689474 -0.08108615588210072 
frame00348.jpg -159.55819651354653 -8.845233339703931 223.2335333899326 0.7615916801878825 0.013223038931598059 -0.6431421623852015 -0.07855840421298647 
frame00349.jpg -160.5411703608196 -8.877278389767884 223.41446301808557 0.7467659858433187 0.017731814531536508 -0.660466659762256 -0.07622293935132704 
frame00350.jpg -161.50887858947502 -8.880509192039602 223.66651528669124 0.7366293105114483 0.02024433887758865 -0.6718331431367761 -0.07488426685085324 
frame00351.jpg -162.4829564978012 -8.754838746735588 223.8546087945217 0.734729662471847 0.021175295726851943 -0.6734483816360932 -0.07868422463623137 
frame00352.jpg -163.47620008069447 -8.66042418844999 223.9220852809824 0.740875766829614 0.018252358816125993 -0.6659128927651979 -0.08561523679437459 
frame00353.jpg -164.4437918825563 -8.709421224006318 224.1698056787628 0.747918801773216 0.01568753329426415 -0.6575621488536483 -0.08934980497025685 
frame00354.jpg -165.39240520998987 -8.666090521347925 224.4832625421787 0.7485190003104656 0.017071438646198766 -0.6570628252548049 -0.08772864882657411 
frame00355.jpg -166.3250545889984 -8.747297881017623 224.83478850220223 0.7416353990129747 0.020483923268091397 -0.6652886425299106 -0.08335685898061393 
frame00356.jpg -167.32412243097096 -8.744993913181306 224.87789463713068 0.7347850520230494 0.02098747941531058 -0.6734032506846717 -0.07860353044606831 
frame00357.jpg -168.31491691897625 -8.679101437715568 224.99615056389692 0.7299594340872083 0.018502957885231208 -0.679298756575806 -0.07328072359861117 
frame00358.jpg -169.28730258298452 -8.793984100423408 225.19929606406942 0.7252254938564533 0.016080881942480224 -0.6850473468510038 -0.06707846799836514 
frame00359.jpg -170.1142485803751 -9.31381355443222 225.4136267808241 0.7189879347225355 0.013568255109134543 -0.6921883798157461 -0.06121681978640169 
frame00360.jpg -171.1048458377034 -9.37977344889675 225.53348655762952 0.7119050185701395 0.013033427036602542 -0.6997216932314001 -0.05840313635161412 
frame00361.jpg -172.08771792611796 -9.34057171351183 225.7135578817164 0.7019415361697352 0.015539442418020697 -0.709713554127105 -0.057821074162230104 
frame00362.jpg -173.08761509628678 -9.34506092006548 225.69993818594614 0.6895005562208506 0.016249430615076495 -0.721697310487995 -0.0589739858769077 
frame00363.jpg -174.07992904890907 -9.245498103842626 225.62645169020087 0.6752022271554149 0.01810529875224723 -0.734876907931155 -0.06107438735669389 
frame00364.jpg -175.07053995633393 -9.341123047719435 225.52874856742878 0.6595885944219638 0.01905600278228079 -0.7487269825225855 -0.06314792561149568 
frame00365.jpg -176.06280340982607 -9.39125011631424 225.41516812959767 0.6423085701459136 0.020431863599229372 -0.7634576974002575 -0.06445606214517255 
frame00366.jpg -177.0507819720334 -9.527415918175688 225.34197499452256 0.6227848876550394 0.02169954349865577 -0.7794002943186494 -0.06483282144441371 
frame00367.jpg -178.04708542233013 -9.598824374542879 225.29422285021374 0.6031515531772941 0.022839484151110385 -0.7945594715436902 -0.06604398567417959 
frame00368.jpg -179.0430020780362 -9.5314192401413 225.23416818558653 0.5820716726734817 0.022831972596141947 -0.8098518078848267 -0.0693636660228686 
frame00369.jpg -180.03166783751007 -9.516119175981563 225.0848165063838 0.5593536554456829 0.021941903007210876 -0.8255135998942548 -0.07189810443671023 
frame00370.jpg -181.01559253233788 -9.628943183213451 224.94638624126767 0.5342327703661566 0.024169009656651298 -0.8420232661578888 -0.07076740272122496 
