Pose
x y z qw qx qy qz
---------------
frame00000.jpg -145.97046 -8.987721 214.62396 0.8279541 0.013314937 -0.55588025 -0.0728825 
frame00001.jpg -146.96935381334927 -8.957427354862848 214.58802642480208 0.8316476241611076 0.012865835466046962 -0.5499323206911746 -0.07596816107316193 
frame00002.jpg -147.95530142981175 -8.801416879838596 214.5282934069972 0.8276749562547815 0.012516052670482499 -0.5560283184176489 -0.0750336157975903 
frame00003.jpg -148.91562116625968 -8.60736295153368 214.72861587478533 0.8216231122719407 0.012661338833377847 -0.565212749319936 -0.07286781724827482 
frame00004.jpg -149.90282223619053 -8.625601475263503 214.57018163490312 0.8154564123788073 0.010677674558223948 -0.5742671162639033 -0.0716528059343726 
frame00005.jpg -150.85242000797928 -8.36343782121191 214.74203711963762 0.8068552638060011 0.006671282508602576 -0.5863210880522975 -0.071886558229036 
frame00006.jpg -151.8183045586303 -8.115617594941739 214.66685614677007 0.7898285335430809 0.0010608993709664907 -0.6090526983134801 -0.0722813276348747 
frame00007.jpg -152.79311471888028 -8.187835418636157 214.4558354225521 0.7699180454107903 -0.0031142342216535735 -0.6341319393761583 -0.07136669371867078 
frame00008.jpg -153.75625642864486 -7.929676481554472 214.38025749973426 0.7513167753157274 -0.004247324933028289 -0.6562552718190623 -0.06952767229962202 
frame00009.jpg -154.70987726402169 -7.732656510260881 214.15268236803618 0.7338682717836444 -0.0059825179653626 -0.6758164839936895 -0.06836419962534122 
frame00010.jpg -155.6620716830398 -7.619052201153089 213.86909841957166 0.7182604325833633 -0.008950071594088733 -0.6922602992000695 -0.06926427029818531 
frame00011.jpg -156.63887687887447 -7.455013431467682 213.73146519188953 0.7038326243595587 -0.011103741140370533 -0.7066616337451259 -0.07159393919765844 
frame00012.jpg -157.60253712052588 -7.227589026343474 213.59133277277184 0.6907076329771952 -0.012850106185726063 -0.7190837933749622 -0.07534156039451113 
frame00013.jpg -158.56230628529278 -6.988409054842683 213.44424059368475 0.6782229578876808 -0.01413425118866684 -0.7303839726133768 -0.07970637473386462 
frame00014.jpg -159.5291143574601 -6.912449299712642 213.20028920053375 0.66632087099604 -0.01718237205650303 -0.740818595838757 -0.08312088488588161 
frame00015.jpg -160.51425828280884 -6.845174843296274 213.0422840902479 0.655740441259468 -0.01676789956847487 -0.750081203678281 -0.0842704503448014 
frame00016.jpg -161.4682637821546 -6.614896517450088 212.85033248442122 0.6467938062703081 -0.015794787370966352 -0.7577568911215263 -0.08492820360722952 
frame00017.jpg -162.4219648648577 -6.3787293208431395 212.66410863897764 0.6384553155753684 -0.015300937707665132 -0.7648116224068849 -0.08487568432699599 
frame00018.jpg -163.41270087198438 -6.436753472391501 212.54132674347196 0.6295797942274095 -0.014251690669267535 -0.7724896580645227 -0.08176739937811275 
frame00019.jpg -164.39494841704789 -6.320932790362422 212.39376199548374 0.6212929192066992 -0.014680772953255502 -0.7793661767971825 -0.07979945196526346 
frame00020.jpg -165.3525404844937 -6.0345961851435685 212.4258371550058 0.6115587693699324 -0.012005182257016935 -0.787456207249831 -0.0759241362778524 
frame00021.jpg -166.34388976396224 -5.947077449146361 212.32802556557624 0.6007993233964752 -0.011461623001130567 -0.7961061306254068 -0.07158098509311565 
frame00022.jpg -167.33267838573062 -5.897837948719136 212.18705548640742 0.5887912578060672 -0.010718476617520217 -0.8053991201446243 -0.06739606326137035 
frame00023.jpg -168.32092817354604 -5.7533937950842216 212.13707271486376 0.5762128998827925 -0.00875140125944913 -0.8149109503735984 -0.061824359936104634 
frame00024.jpg -169.28259749699242 -5.574087562464095 211.92960846376687 0.5657479635492166 -0.010097973776084521 -0.8224339106442948 -0.0585639438443209 
frame00025.jpg -170.2775902841871 -5.632474085804764 211.84848875205634 0.5555563526413343 -0.010591387559059246 -0.8297397156970441 -0.05269691248786799 
frame00026.jpg -171.25686579492086 -5.760436113310381 211.69150074340914 0.547217389206672 -0.0165416145800123 -0.8352548117548249 -0.05127281113572258 
frame00027.jpg -172.25234081756722 -5.688233420338927 211.6297246213711 0.5333959586577613 -0.020277218792282992 -0.8440400726496903 -0.051710127776291574 
frame00028.jpg -173.2397135389553 -5.699668396548959 211.47172339026258 0.5102704813318525 -0.020158152947422295 -0.8581916749945395 -0.052198907104891834 
frame00029.jpg -174.1890598617595 -5.657747159329535 211.16030052425631 0.48993262843749313 -0.021165188781451936 -0.8698170172629732 -0.05418855421181841 
frame00030.jpg -175.11967982301144 -5.542084751150986 210.81307044724534 0.47367297896794086 -0.02506942808353927 -0.8784749454071691 -0.05733400805328654 
frame00031.jpg -176.02474992610746 -5.41257958464369 210.40800680981545 0.4627134323651153 -0.02974929331163707 -0.8839958667092733 -0.05968709977243454 
frame00032.jpg -177.01481886470398 -5.40096833049339 210.2679042706289 0.4524784593933696 -0.035589978199226054 -0.8889653293560111 -0.06113281791018045 
frame00033.jpg -177.9430781562685 -5.399261733413908 209.89597442101234 0.44314507433229233 -0.04040851016376709 -0.8934174345043454 -0.06160245086050262 
frame00034.jpg -178.54831392039696 -5.365007719312891 209.100665459816 0.4291894004239156 -0.03794408229230743 -0.9003866984339582 -0.06050184646789049 
frame00035.jpg -179.37855994460998 -5.2796635727092625 208.54984067483 0.4124546007556353 -0.036928792885379945 -0.9080463601291752 -0.06300193959139204 
frame00036.jpg -180.24152917904178 -5.23007175520645 208.04702382384698 0.3957738380495198 -0.03418413528262056 -0.9152801674175397 -0.06675847105299106 
frame00037.jpg -180.84650192433014 -5.102771794740753 207.26101955383334 0.38399846798493237 -0.03167556040280919 -0.9200613409764545 -0.07091490822315624 
frame00038.jpg -181.66013397006535 -5.077591749360521 206.6801849020688 0.37890839221991574 -0.03348152013552178 -0.921834383574165 -0.07435553401110837 
frame00039.jpg -182.5738199035761 -5.017038590492331 206.27830012776897 0.37570795028638954 -0.03484334856486286 -0.9229464600124624 -0.07615291173900536 
frame00040.jpg -183.4742951057236 -4.8756261566406085 205.86702531271473 0.3714606235659396 -0.0348302453705766 -0.9247386761246417 -0.07524755838284765 
frame00041.jpg -184.21342305847026 -4.739635777089324 205.20733105579464 0.36526834276890224 -0.03373204622181186 -0.9273658354476833 -0.07371394861238018 
frame00042.jpg -185.12828741552232 -4.649669542363139 204.8137204267864 0.3566752159078416 -0.03298947349014688 -0.9308573868140867 -0.0721038028303377 
frame00043.jpg -185.90651533470373 -4.518247680359765 204.1996441848188 0.34962141880136544 -0.0318546574894962 -0.9337415999597899 -0.06983346663931743 
frame00044.jpg -186.6028039405692 -4.509629030369507 203.4819339894083 0.3448875204849943 -0.0318229721256289 -0.9355979142929146 -0.06853014732932802 
frame00045.jpg -187.3418186310898 -4.517505147675207 202.8082906960881 0.34338850868275866 -0.03407350006533639 -0.9360635154227556 -0.06861752514010507 
frame00046.jpg -188.05944619515606 -4.528669019281714 202.11195307775566 0.34299552752418605 -0.035246343392125554 -0.9361092595733149 -0.06936251407540316 
frame00047.jpg -188.88921097977567 -4.444593549466682 201.56020879396993 0.34181156386391554 -0.033826111771857105 -0.9364829249858602 -0.0708542190218891 
frame00048.jpg -189.50391483737792 -4.353337053572566 200.77674760100365 0.3406457688521603 -0.03154621920287964 -0.936754300041208 -0.0738689183837592 
frame00049.jpg -190.2145908733672 -4.236819368996547 200.0829441498505 0.33890830226392316 -0.029911578366928076 -0.9373351353876228 -0.07516144372116396 
frame00050.jpg -190.92967529762998 -4.133172040755485 199.3916326961627 0.3368992223861906 -0.027877785968499377 -0.9380375254503519 -0.0762055191722392 
frame00051.jpg -191.53838149238555 -4.110323546820329 198.59856602908843 0.3352166908897603 -0.027074272410307534 -0.9386504553269461 -0.07636761691611971 
frame00052.jpg -192.27451253476315 -3.9827229193177693 197.93386369093565 0.3334885790650449 -0.026340903501779013 -0.939220951907195 -0.07717164751621348 
frame00053.jpg -193.07101084644023 -3.85889024733386 197.3420394403323 0.33157509967027904 -0.02626688112976915 -0.93984022784278 -0.07789919434625973 
frame00054.jpg -193.8297862390276 -3.6117942909092844 196.7393757491536 0.3299356074057706 -0.025890311320697936 -0.9403817486824269 -0.07844926133848527 
frame00055.jpg -193.95102149592904 -3.679589543778602 195.74906982534333 0.3299356074057745 -0.02589031132069599 -0.9403817486824263 -0.07844926133848673 
frame00056.jpg -193.914553736917 -3.6090472936986826 194.752227864934 0.32993560740635625 -0.025890311320865108 -0.9403817486822089 -0.07844926133858719 
frame00057.jpg -192.97758857830402 -3.657910027158801 194.4062383172482 0.04883368037096765 0.6129524292733614 0.0658169368146272 -0.7858643528783186 
frame00058.jpg -193.95195163540632 -3.761995242855483 194.6056948942564 0.04853214999723844 0.6132736443763862 0.06513014950928508 -0.7856897076448516 
frame00059.jpg -194.92123825704428 -3.886784361355503 194.81761739235162 0.04862296605695016 0.6139118614959025 0.0651251361301873 -0.785185900483646 
frame00060.jpg -195.919122953926 -3.9231937340879743 194.87147390348014 0.050908400023689536 0.6151005493673913 0.06511470453984333 -0.7841103129483439 
frame00061.jpg -196.90337117215404 -3.9938523869537543 195.03353200272875 0.05197747115404867 0.6158244167379296 0.06467192763336814 -0.7835081714528883 
frame00062.jpg -197.90071622242903 -4.039373258712843 195.09037155610048 0.05377996591879041 0.6170320022394105 0.06501418571185853 -0.7824069766771855 
frame00063.jpg -198.87463662177007 -4.0873409650703225 195.3121330951914 0.05507794444651274 0.6170697878800079 0.06406560141224432 -0.7823648815610275 
frame00064.jpg -199.78340695967546 -4.305638910507788 195.6677768722811 0.05641141596956869 0.617625925471064 0.06381318259321571 -0.7818512577718375 
frame00065.jpg -200.7520482564507 -4.267390313083438 195.91327862537256 0.058080249603480315 0.6187849828508097 0.06360017904951375 -0.7808290233658617 
frame00066.jpg -201.72004595334286 -4.407930692302124 196.12119419527792 0.0608653857790467 0.6205472013484885 0.06333806751812976 -0.7792376701852702 
frame00067.jpg -202.68543733405713 -4.551245038172902 196.33909440906496 0.06291085579785446 0.6218950089667026 0.0624914993230954 -0.7780679294455504 
frame00068.jpg -203.61866227634684 -4.693663454657962 196.66895531728423 0.06455437868669396 0.6232596992198539 0.06165724333433871 -0.7769068336523158 
frame00069.jpg -204.5595536853907 -4.80634480941126 196.98837085623248 0.06725345572945837 0.6244307929604911 0.06158983949288687 -0.7757416842488492 
frame00070.jpg -205.52249423123905 -4.883335676770647 197.2468625065188 0.06917728173605316 0.6250679965055947 0.061381536847538394 -0.7750753711386246 
frame00071.jpg -206.49104711002533 -5.008472929593649 197.46191136560824 0.06977323172962428 0.6237436412106376 0.06051925699517924 -0.7761558610931433 
frame00072.jpg -207.4778120501251 -5.022965376211817 197.62341972872687 0.07106952116051551 0.622302641694807 0.060379457999657826 -0.7772050067212443 
frame00073.jpg -208.42135311931165 -5.180453347032865 197.91484349000388 0.07293587406077483 0.6213100494549212 0.06128876936062322 -0.7777547059549188 
frame00074.jpg -209.40218793806844 -5.299871528435261 198.06879927251515 0.07318866412927222 0.6207201878159362 0.06218689183482005 -0.778130542931974 
frame00075.jpg -210.3611282399462 -5.344426354034876 198.34888566509764 0.07349766289838418 0.6206974251332831 0.06314614681227093 -0.7780422929537006 
frame00076.jpg -211.262025066304 -5.480220548481183 198.7611293530867 0.07339634067190066 0.6205043135670008 0.06526893297255253 -0.7780307174405642 
frame00077.jpg -212.22361197430064 -5.570811139650385 199.02025091786078 0.07301056672630954 0.6208130924774183 0.0675402967901953 -0.7776267568093953 
frame00078.jpg -213.18491019070615 -5.602134138878814 199.29397456025484 0.07329365658232923 0.6214337860350543 0.06970849575658118 -0.7769126610443718 
frame00079.jpg -214.12966218036837 -5.768015994612462 199.57668803242245 0.0720326594480726 0.6223197428445203 0.07159332320470854 -0.7761497630594236 
frame00080.jpg -215.10030702215593 -5.943688020625772 199.74096814549404 0.07259270589519415 0.6236044946953797 0.07430047429348426 -0.7748107677240885 
frame00081.jpg -216.06429324780453 -6.082266107078794 199.96796306443682 0.07146023637721997 0.624805191460008 0.07555716203644496 -0.7738266736304699 
frame00082.jpg -217.04416990684342 -6.235742550460832 200.0955825830532 0.06935462895869925 0.6254010073986913 0.07727298065553306 -0.7733675638524877 
frame00083.jpg -217.97668445027125 -6.406130143071499 200.41399224313304 0.06791521222636193 0.6259040020190313 0.0788561677664429 -0.7729285922691903 
frame00084.jpg -218.91658842335602 -6.38949976843344 200.75502592808346 0.06735659995258136 0.6266311003771218 0.08023329874077806 -0.7722463699756199 
frame00085.jpg -219.90490742087266 -6.481348757864696 200.87663740476387 0.06581155190843929 0.6278223343592015 0.0821850456255324 -0.7712062695506939 
frame00086.jpg -220.88488039893613 -6.667039391059907 200.9485538833211 0.06512803746869253 0.6292013953773066 0.08357226553922847 -0.7699904358670401 
frame00087.jpg -221.82837312220758 -6.982099940595108 201.05130775647947 0.06207381539147695 0.6298976924515013 0.08374554018510164 -0.7696548870035911 
frame00088.jpg -222.77848620034248 -7.178805145949373 201.2933660571076 0.05973764748164376 0.6297786002061904 0.08353745933696138 -0.769960089513525 
frame00089.jpg -223.7390849890507 -7.376297540798711 201.48893380333874 0.05748359892224146 0.6292793993898856 0.08260575402092815 -0.7706403953556814 
frame00090.jpg -224.71008545630116 -7.5486656095200235 201.65460626809627 0.05631295826730387 0.628437094771111 0.08197298969566016 -0.771481470131944 
frame00091.jpg -225.64552931902332 -7.635191446605424 201.99732784081903 0.05522012244560613 0.6262307894805751 0.08042078795429294 -0.7735154147571527 
frame00092.jpg -226.6008039407937 -7.691154485049238 202.28770441780105 0.05463672461373988 0.6235656369855446 0.07852581588852986 -0.7759010591276767 
frame00093.jpg -227.53279859263677 -7.9442254576464295 202.54720600097522 0.05435275105068859 0.6204317131406137 0.07592872126235352 -0.7786868524810203 
frame00094.jpg -226.6672685279821 -7.867313015537178 202.05228965045234 0.05513659354904691 0.6167003522597578 0.0732945002578791 -0.7818416946794825 
frame00095.jpg -227.54878139616304 -7.998125468810105 202.50596704360765 0.05478717315923799 0.6126097666102216 0.0701341141687554 -0.7853641408636346 
frame00096.jpg -228.50403706916296 -8.097247945946567 202.78464491382624 0.05675407069540275 0.6086375954764798 0.06737516324149663 -0.788547578407653 
frame00097.jpg -229.3705077201069 -8.295295698365361 203.24290871441187 0.059716153038569364 0.6048314959915492 0.06496411769181618 -0.7914538697132179 
frame00098.jpg -230.2451506120408 -8.407822297656361 203.71443558361386 0.0619916321262745 0.6015376755019488 0.06296766010279109 -0.7939463285719288 
frame00099.jpg -231.1305738995172 -8.24166210580611 204.1485051866106 0.0646925380864233 0.5986365095671117 0.06165529128426448 -0.796023589632891 
frame00100.jpg -230.2558445598564 -8.150281313957207 203.67258697268085 0.06894433219756942 0.5966258644434281 0.062100818610975786 -0.7971403796317801 
frame00101.jpg -231.22541800265233 -8.294140837422015 203.87065717120134 0.07163228160954309 0.5956087841348746 0.06361745549975673 -0.7975440296063308 
frame00102.jpg -232.03095244916216 -8.286862552786628 204.46316142659703 0.07303734469724861 0.5939663395783947 0.06466804065995412 -0.7985562387036302 
frame00103.jpg -232.86711164420646 -8.456777887124977 204.98466558799097 0.07340558082074307 0.5924665581371207 0.0668123729167965 -0.7994595339598118 
frame00104.jpg -232.0035087905619 -8.340612521755746 204.4940580748943 0.07496192608264117 0.5919184723147981 0.07093645559011147 -0.7993656909037212 
frame00105.jpg -232.93753788992592 -8.374649603545523 204.84962964513954 0.07509054814321753 0.5904395453505634 0.07266788710974578 -0.8002913041774125 
frame00106.jpg -233.8826323840183 -8.367692384200005 205.1763528019866 0.07433923536929873 0.5886747906675095 0.07514718315537487 -0.8014317775295876 
frame00107.jpg -234.7554857112726 -8.53053809488249 205.63636188657455 0.07407377595809117 0.5866717621298758 0.07759997304881806 -0.8026904235727123 
frame00108.jpg -235.57205553979506 -8.614175514364955 206.20751730120344 0.07545637094317456 0.5835117493165644 0.08035979697340567 -0.8045911189420973 
frame00109.jpg -234.7407587518955 -8.410476735204446 205.69035923108112 0.07400263810654929 0.5802642764066286 0.08117200776818775 -0.8069897390924767 
frame00110.jpg -235.62714335846513 -8.622284614033806 206.1020141460203 0.07340094143413362 0.5768442790850469 0.08147329683647758 -0.8094624792350237 
frame00111.jpg -235.11875530563043 -8.63208565414522 205.24094183202723 0.07415503574399519 0.5725370730333723 0.08143436307387057 -0.8124500640929505 
frame00112.jpg -235.907551060825 -8.633504206821868 205.85559560217837 0.07281414644509428 0.568463559210045 0.08051037781871671 -0.8155181487755551 
frame00113.jpg -236.79877445019835 -8.6971173734056 206.30467717076365 0.07281790215181663 0.5657494873576291 0.07928085639646035 -0.8175231524242975 
frame00114.jpg -237.73722014517537 -8.845144424146968 206.61677922948235 0.07420109763124548 0.5644771858007752 0.07851669372461223 -0.8183514860321485 
frame00115.jpg -238.66415218816255 -9.004884597019608 206.95630844548307 0.07404183542049927 0.5657645090697621 0.07686403459029426 -0.8176335301986373 
frame00116.jpg -239.52437729416684 -9.067083355796086 207.46241525071088 0.07561038524177183 0.5677378454798021 0.07559730540749374 -0.8162389493019897 
frame00117.jpg -240.42347048850877 -9.196112158647042 207.8807249631373 0.07722148170106817 0.5703164277848687 0.07380153892260424 -0.8144527886645875 
frame00118.jpg -241.31231875198435 -9.333319205506331 208.31790113912194 0.07708274345921436 0.5720866363167498 0.07153781021909841 -0.8134257721135567 
frame00119.jpg -242.21178634683687 -9.4608493250682 208.7358654120407 0.07530080670406426 0.5735351698202189 0.06954079448430417 -0.8127456449101785 
frame00120.jpg -243.15749425537024 -9.527394923830283 209.05399787043777 0.07612397853583348 0.576459439908278 0.0674824681742385 -0.8107711704209586 
frame00121.jpg -244.0640817068128 -9.65505060648168 209.45624560355557 0.07640009287821253 0.5812731423441772 0.06725277782554819 -0.8073200835366863 
frame00122.jpg -244.9870327152762 -9.648145173705478 209.8411011287299 0.07729763114671555 0.5868260707108403 0.06668573502119146 -0.8032541654005492 
frame00123.jpg -245.94005324248175 -9.769073616008741 210.11882079208084 0.07608600465937017 0.5912098905201939 0.06700334918676919 -0.800122784175592 
frame00124.jpg -246.92107380783165 -9.59395058354203 210.20207116837582 0.0749694992756014 0.5954891409900872 0.0671115084531382 -0.7970398749101769 
frame00125.jpg -247.55669638611283 -9.502305702894798 209.4355301019508 0.0727057501946396 0.6028342121662092 0.06665106784275897 -0.7917493005112877 
frame00126.jpg -248.53838085717908 -9.625506562306487 209.58084760632255 0.0699800635423347 0.6052908003292846 0.06887380821384816 -0.7899285598377745 
frame00127.jpg -249.5181574759426 -9.680696397019258 209.7731803608578 0.06702738714522098 0.6066351416046913 0.07144275235908579 -0.7889248384254837 
frame00128.jpg -249.42245857196193 -9.099843473886866 208.96481679594035 0.7339299157646436 -0.49294102265838513 -0.309068535478367 -0.3504749625496607 
frame00129.jpg -249.54792762837914 -8.201611426387291 209.3860491927068 0.736539599233352 -0.4886301192323957 -0.3086894960637786 -0.3513699649608386 
frame00130.jpg -249.7538607396207 -7.236639724134291 209.5485951271474 0.7398305181863558 -0.48502939601576356 -0.30692552966297615 -0.3509900858489937 
frame00131.jpg -249.61064297780587 -7.342730072295136 210.53258373259882 0.7393960551738293 -0.482226232816481 -0.3111594253788169 -0.35203860251104585 
frame00132.jpg -249.86713690818277 -6.401095339960044 210.7506087516522 0.743596166007027 -0.4808215474283597 -0.3068062822583108 -0.3489202174523482 
frame00133.jpg -249.9872846538126 -5.4694542713763035 211.09355110920677 0.7466364218822497 -0.48005783569416965 -0.303140318567333 -0.3466763716134359 
frame00134.jpg -250.19547432424548 -4.515936983240098 211.31140853254098 0.7492701959887947 -0.4786806933026682 -0.3005785059792995 -0.34512542703486865 
frame00135.jpg -250.6489532675635 -3.6405022082166383 211.14416379096815 0.7517062609840294 -0.4775380592968205 -0.29763354353910737 -0.3439613411292121 
frame00136.jpg -250.91668339144726 -2.74760929479024 211.5061898212618 0.7529670760072331 -0.4756608711859725 -0.29733974791630174 -0.34405875025212435 
frame00137.jpg -251.0475446009946 -1.825736030867578 211.87091581558263 0.7539233966817169 -0.4739245859746769 -0.29706130715385026 -0.34460065253853944 
frame00138.jpg -250.52294988095983 -1.5682434416404472 212.6823947076625 0.7529533064177669 -0.4695252348462613 -0.30134333885476583 -0.3489979877594573 
frame00139.jpg -250.72879727314145 -0.6365008830090368 212.9815312529538 0.7518751332747512 -0.4680047896308825 -0.30337298401052787 -0.3515965934965485 
frame00140.jpg -250.57437493675147 -1.5640290534629941 212.6411707748251 0.7507650922315344 -0.46632918647849425 -0.3066327117969061 -0.3533628125640771 
frame00141.jpg -250.8005188450803 -0.6692052707362821 213.026072518456 0.7482530655008558 -0.46589664595307123 -0.3101552347624288 -0.3561761176446636 
frame00142.jpg -250.92115253335663 0.3132504219556149 213.16829888997685 0.746224452369636 -0.4652001921940788 -0.31363574484115564 -0.3582882898235082 
frame00143.jpg -251.22119487385044 1.2416797537575879 213.38737326705655 0.7434201941861999 -0.4653949426177678 -0.31784516117190803 -0.36015058938271316 
frame00144.jpg -251.26743928932686 2.140820930002211 213.82258198352247 0.7401508643745741 -0.4662158779125094 -0.322321341327265 -0.3618403479385222 
frame00145.jpg -251.47695994187112 3.1023209010981856 214.00039906705433 0.7372583517269555 -0.4673045681026019 -0.3254274012487601 -0.36355687500427153 
frame00146.jpg -251.754161683975 4.050000616721356 214.15871003422424 0.7341650786314785 -0.46869151922560437 -0.328228882643532 -0.36550749545249206 
frame00147.jpg -251.9244853082553 5.0320469877583776 214.2397951789172 0.7320759696771098 -0.46970369966496933 -0.330651149005036 -0.3662144977620743 
frame00148.jpg -251.90416073367055 5.924155028581901 214.6911599830654 0.7301099771474161 -0.46976881806073706 -0.3348690032200718 -0.36622323943491863 
frame00149.jpg -252.04732339575384 6.788012344045476 214.2081951686201 0.7301546978467166 -0.4694870453678547 -0.33606642230262274 -0.3653976228515518 
frame00150.jpg -252.2463748271749 7.7105265364402955 214.5388704080938 0.7278709154956678 -0.47061918371619993 -0.33839362484742364 -0.3663486052471736 
frame00151.jpg -252.30496063263138 8.704335760183508 214.63326823255102 0.726364515854847 -0.4714717161194082 -0.33966987077633326 -0.36706051484168944 
frame00152.jpg -252.35124993734317 9.682776223745126 214.8345431219106 0.7255739854504477 -0.47063476113133024 -0.34239589579077945 -0.36716535162273306 
frame00153.jpg -252.66374084659176 10.573181935702785 215.16549194353516 0.724410298753814 -0.47041557396490463 -0.34459691421606653 -0.36768451855342005 
frame00154.jpg -252.78685530322178 11.41517686844536 215.6907417870397 0.7227445375263701 -0.4703098046894331 -0.3473963149159237 -0.3684628246239982 
frame00155.jpg -252.93728628765942 12.366592284194896 215.9594037417489 0.7217283593759559 -0.46949399995321756 -0.3505897712302911 -0.3684703559538125 
frame00156.jpg -253.13828456932984 13.270833389762437 216.33616326605627 0.7207795938529938 -0.46872073794889896 -0.3525935447318905 -0.3693987963405872 
frame00157.jpg -253.42448572621495 14.177144941567475 216.64711067428738 0.7204802807747849 -0.4684516414810072 -0.35221580406426395 -0.3706821868157084 
frame00158.jpg -253.55770715803988 15.11888050314173 216.95595724597138 0.7219254696285209 -0.46632732884987227 -0.350669281943662 -0.3720128021579204 
frame00159.jpg -253.75868421277906 16.046120969858446 217.2719214243319 0.7234133248632296 -0.46508466652771213 -0.34836292480208336 -0.37284409418277975 
frame00160.jpg -254.0245725553197 16.91688721748133 217.68552698403363 0.7248636070850619 -0.46359885770231857 -0.3460369823239817 -0.3740418274364874 
frame00161.jpg -254.08186515041888 17.73267065103016 218.26103978569304 0.7253639230644574 -0.4624854773657139 -0.3443455462508445 -0.3760060354265267 
frame00162.jpg -254.41621351321768 18.169328766206835 217.42585065153318 0.7301686666605569 -0.462833938188358 -0.3361662572543084 -0.37367197229240634 
frame00163.jpg -254.5431449992791 19.08024374975465 217.81843480245777 0.7313543107152348 -0.4609330675034862 -0.3354969463866641 -0.37430390045538897 
frame00164.jpg -254.79509592133033 20.04288845200148 217.9176110105172 0.733237176287315 -0.45932056936580595 -0.33373259450236337 -0.37417969563046327 
frame00165.jpg -254.51284961200233 19.08605376320211 217.8482971765705 0.7339615459748394 -0.45893242406393725 -0.3314671438028308 -0.37524797554864253 
frame00166.jpg -254.7129677161316 20.021077371966538 218.14101481132857 0.7348833866843832 -0.45781605524171093 -0.33091163592893014 -0.37529773261612975 
frame00167.jpg -255.00492051472335 20.936750491913372 218.41725079300537 0.7363635363845541 -0.45635788141216443 -0.3310158000846445 -0.374078598329201 
frame00168.jpg -255.6821899336689 21.53580101366429 217.99011543416066 0.737784582857814 -0.45681349248880077 -0.3293980124301688 -0.37214556698704293 
frame00169.jpg -255.31382458337984 21.87433422797971 218.8559689320913 0.7382045245356255 -0.4571417733431641 -0.3287013700273937 -0.37152512647357594 
frame00170.jpg -255.57687989073082 22.775990708581883 219.19921449506714 0.7384006069867636 -0.4576993438012683 -0.3286574104051052 -0.37048642634241097 
frame00171.jpg -256.04645262456114 23.657645535422425 219.15245748920222 0.7387059874552703 -0.45827836231375146 -0.32755241768507637 -0.3701403134567745 
frame00172.jpg -256.3387011958067 24.606439047948346 219.2723810176532 0.7382711834936018 -0.45963745849517135 -0.326612058228782 -0.370153564191922 
frame00173.jpg -256.96891541399987 25.23120164307881 218.81140190224215 0.7393560370816717 -0.46206870448330484 -0.32457913867860894 -0.3667336592091677 
frame00174.jpg -257.3060826869065 26.149764311063123 219.01770475734284 0.7387422779217911 -0.46408161363796435 -0.3236801522701579 -0.366223010029142 
frame00175.jpg -258.0038380925188 26.563727756477228 218.43309234227024 0.7389042137957701 -0.4708929931163882 -0.3188161730043371 -0.3614368979286051 
frame00176.jpg -258.19146299599856 27.529633608564808 218.61148178844695 0.7369789568328899 -0.4753833648210957 -0.3182015927689641 -0.36002840390083973 
frame00177.jpg -258.53043311366713 28.43225287284083 218.87676982095257 0.7332859233151869 -0.48247552530165416 -0.31621431856316656 -0.35988561902109667 
frame00178.jpg -258.773247709038 29.37607337510866 219.1009214369742 0.7301791271515455 -0.4875241383475069 -0.31526414507160305 -0.36023215810607984 
frame00179.jpg -258.95657937209353 30.34837072853446 219.2459296133358 0.7284707740812122 -0.4893590302714871 -0.3145365320794682 -0.36183542254030204 
frame00180.jpg -259.2063285013217 31.292937708153122 219.45904603342052 0.7281039717925646 -0.4876124476500794 -0.3139326571942437 -0.3654381290184498 
frame00181.jpg -259.5209335099345 32.21691040770703 219.67652742175645 0.7280722731982798 -0.4817429799741095 -0.314809740063846 -0.37246385863985804 
frame00182.jpg -259.73229300451374 33.18456021258794 219.81429908395765 0.7223005151540017 -0.47495209540486866 -0.32358071656942894 -0.3847051143588671 
frame00183.jpg -259.89038635996116 34.1490307892566 220.02596630701072 0.7089615783925959 -0.4581250795931567 -0.35169171573656655 -0.40473183856303013 
frame00184.jpg -260.2754660595645 35.04303169135013 220.2550427808226 0.692196439072041 -0.4398387773883167 -0.38350523714228324 -0.4246524519806505 
frame00185.jpg -260.6334924618644 35.9481545430763 220.4843236957507 0.6763464072704839 -0.42386711080912837 -0.4091797672119772 -0.44211328882662926 
frame00186.jpg -260.8869345343359 36.915127860673664 220.51133718006088 0.6625549448082723 -0.4117850080627206 -0.42815889286021375 -0.45621710527725495 
frame00187.jpg -261.1154704282768 37.87774317363564 220.65674391803944 0.6505612594092522 -0.4044258228181153 -0.44154823807556504 -0.4671669805399044 
frame00188.jpg -261.4467391272551 38.80191916207697 220.84690124989095 0.640372139520344 -0.4000508161543896 -0.4529229168199797 -0.474071441529524 
frame00189.jpg -261.6649606314802 39.76073231101719 221.0287163716609 0.6318806232338414 -0.3963472681666291 -0.4622398333456981 -0.47955196844889486 
frame00190.jpg -261.8387052358573 40.71313254563829 221.27920914107276 0.6243596721521313 -0.39137317944238104 -0.4715081059715295 -0.4844400615635356 
frame00191.jpg -262.2266666984005 41.62240103503001 221.4299298752892 0.6164340030415923 -0.3869474842699293 -0.48104730512863403 -0.4887476727772494 
frame00192.jpg -262.4346617975153 42.57562408495387 221.64925583641624 0.6076194643355246 -0.3814103710914614 -0.490130773031916 -0.49507229165624356 
frame00193.jpg -262.7572564537028 43.52028340509559 221.70885007058675 0.5982008231154565 -0.37465450071711665 -0.5008523776657551 -0.5009358336558398 
frame00194.jpg -263.048295900266 44.47683574186311 221.72627653068565 0.587436819243451 -0.36851226330707176 -0.5107936205742903 -0.508140340783214 
frame00195.jpg -263.3517230679711 45.42467975942728 221.8238659301119 0.573849687618707 -0.36077630337081584 -0.5217357703797614 -0.518004647469886 
frame00196.jpg -263.6600444133185 46.37390973608923 221.88631925214395 0.5592632044777951 -0.3488728177774483 -0.5361727167470636 -0.52728671243253 
frame00197.jpg -263.77244692514444 47.36079240116649 222.00219979408607 0.5411089013177562 -0.33218801499102063 -0.5531035010493438 -0.5393781894073202 
frame00198.jpg -264.0765935263245 48.31312830729776 221.97872251078525 0.5199698514801343 -0.3145333241071057 -0.5739027179838575 -0.5489406584407284 
frame00199.jpg -264.3872929887761 49.26282507900583 221.93945544292416 0.4970357494061515 -0.2988621239551169 -0.5937815520539695 -0.5577278888608905 
frame00200.jpg -264.5373320259597 50.25127658696115 221.9181970697528 0.4730769601318246 -0.28474072834448405 -0.6117028697117257 -0.5665161445031258 
frame00201.jpg -264.86458401229976 51.1944370389997 221.86027885950813 0.44828094672051566 -0.2702713391533019 -0.6289543914976286 -0.574816497164853 
frame00202.jpg -265.150467079575 52.15256004403097 221.8438107182001 0.421469011392812 -0.256277125993171 -0.6434500787065438 -0.5853699176868322 
frame00203.jpg -265.4106721608629 53.1161862271513 221.78283601487493 0.39458845248264546 -0.2403149681456789 -0.6562985016888104 -0.5965073216719495 
frame00204.jpg -265.62976724133046 54.09160297733676 221.8064904252541 0.36741864980298206 -0.2207227405102262 -0.6674177086405423 -0.6089652298002799 
frame00205.jpg -265.93834006369 55.042665058531696 221.82273103354854 0.3400260334136086 -0.19974581122055604 -0.6774618611669708 -0.6209101213029252 
frame00206.jpg -266.2513302534569 55.98294091991338 221.68887113932874 0.31534387104303496 -0.17826088882108546 -0.6857446680090703 -0.6312967584726885 
frame00207.jpg -266.3975330331634 56.93965668827988 221.43723707660976 0.2942478148026013 -0.15888029260659103 -0.6918595836621831 -0.6399262812862231 
frame00208.jpg -266.68984211360623 57.89586173386062 221.42215931676117 0.2771843587122713 -0.1429062862969083 -0.6957173196507423 -0.6470889378311461 
frame00209.jpg -266.88543144055666 58.86256725439258 221.25715849215428 0.2642745775481305 -0.13054877323984274 -0.6984107858172506 -0.6521797312211033 
frame00210.jpg -267.0622931022402 59.83543436381869 221.10799562919695 0.2554531910953782 -0.11959769725257678 -0.7000117043273268 -0.656066869729774 
frame00211.jpg -267.189343566928 60.82679897921387 221.14046714525742 0.2500385420447105 -0.10892182908150114 -0.7008051579112458 -0.6591577670984441 
frame00212.jpg -267.35827094685163 61.7981067830716 220.9730613217779 0.2463261920154111 -0.10242640636600028 -0.7017711142950831 -0.6605676437130645 
frame00213.jpg -267.48525934765786 62.77442046942443 220.79788841087853 0.24510495592104212 -0.09749166712909346 -0.70214732079537 -0.6613683893639398 
frame00214.jpg -267.6681874034216 63.757546539755474 220.7971975963589 0.24619916911082376 -0.09452960927664125 -0.7019923197071392 -0.6615564798550125 
frame00215.jpg -267.6747701552021 64.754807550823 220.87086686758335 0.24897283210771778 -0.0929508044835475 -0.700986821338357 -0.6618082980178797 
frame00216.jpg -267.8561158312979 65.71666197108776 220.66605026762173 0.25161031448507826 -0.09327622669832991 -0.7002720810236779 -0.6615216375946749 
frame00217.jpg -268.00667295508015 66.69667129662477 220.5359953123283 0.2538519176999591 -0.09573148171444171 -0.6990530549092723 -0.6616037956985686 
frame00218.jpg -268.28341628261813 67.65723039052565 220.5088037295616 0.25499359778165237 -0.09780495777625438 -0.6983497040705454 -0.6616042734559601 
frame00219.jpg -268.42644296036303 68.6413569425185 220.40374033949354 0.2549491150474296 -0.10145994419012933 -0.6977034132516767 -0.6617528574009924 
frame00220.jpg -268.5993318484715 69.58690238029246 220.12796275100402 0.2554312587371249 -0.10412314026321451 -0.6979502120231231 -0.6608924370632133 
frame00221.jpg -268.75712559664794 70.56558918434777 219.9965348603562 0.25561745295760735 -0.10679488775774783 -0.6976139422939964 -0.6607491394269281 
frame00222.jpg -268.96592544101145 71.5408979104246 219.92459367025768 0.25541191041763794 -0.10735417411734258 -0.6974414160622034 -0.6609200985673334 
frame00223.jpg -269.05047290928775 72.52523293325626 219.76988005540485 0.2541812194858084 -0.10879149130325881 -0.6978830728789268 -0.6606932753659296 
frame00224.jpg -269.21849764881927 73.49148353418296 219.57461745699382 0.2533080095300606 -0.10938141620998569 -0.6980719870952171 -0.6607316608469395 
frame00225.jpg -269.3459202770859 74.4794763323833 219.66198865667096 0.25236976404095746 -0.10958960296241155 -0.6980004364222604 -0.6611316669850734 
frame00226.jpg -269.61735128612054 75.44183944602148 219.64848050469817 0.2511073482106388 -0.10916816001299613 -0.6983245749452783 -0.6613397539981822 
frame00227.jpg -270.01038408636754 76.33990800985757 219.45100111537622 0.2502532600430355 -0.10858829245439487 -0.6993837639070899 -0.6606393182630981 
frame00228.jpg -270.1465803045682 77.3298598953893 219.41297647917074 0.249538431748513 -0.10968394786639717 -0.6992986328034361 -0.6608188062053247 
frame00229.jpg -270.2256164214187 78.31822116819359 219.28299455229683 0.24900338582449727 -0.11008619632337269 -0.69930159257512 -0.6609506002022681 
frame00230.jpg -270.4389592589422 79.29220731602918 219.20660188588624 0.24774408287084224 -0.11013246814317294 -0.6998064209708952 -0.6608817991206384 
frame00231.jpg -270.76446706594 80.22828398876415 219.07316590862933 0.2466627998983408 -0.10911027336655307 -0.7002249513165252 -0.6610124807348514 
frame00232.jpg -271.1285446040117 81.15962519047824 219.0803173689031 0.24613652305158085 -0.10813527734608432 -0.7007956615744231 -0.6607640163032766 
frame00233.jpg -271.3645545610687 82.13110376321109 219.0573237477079 0.2459176885890753 -0.10863922835603321 -0.7005016477101935 -0.6610745200362272 
frame00234.jpg -271.5754020676044 83.08889813399104 218.86194387401855 0.24541210196663887 -0.1085214013229279 -0.7005508062073613 -0.6612296460491803 
frame00235.jpg -271.809073440242 84.04949860594115 218.71146315580827 0.24532785751548913 -0.10866639204711606 -0.7005425449646514 -0.661245848024346 
frame00236.jpg -271.8624194545517 85.04450325396758 218.6270832551809 0.24532785751548872 -0.1086663920471167 -0.7005425449646528 -0.661245848024346 
frame00237.jpg -271.9906238250811 86.03447616887881 218.56777655062967 0.24532785751549133 -0.10866639204711814 -0.700542544964653 -0.6612458480243448 
frame00238.jpg -272.1645498585826 86.97238996861715 218.2676641347851 0.24532785751549968 -0.10866639204709985 -0.7005425449646578 -0.6612458480243413 
frame00239.jpg -272.4292480265746 87.93622326395295 218.23667568612916 0.24608964874201014 -0.10777100605420854 -0.7007231870552556 -0.6609178322366269 
frame00240.jpg -272.53480608612733 88.92876581763436 218.297641216344 0.2471576950897974 -0.10733749673932114 -0.6999906075636272 -0.6613659770805155 
frame00241.jpg -272.7637258306194 89.89311981452106 218.16491163328124 0.24795681904343625 -0.10646800499838839 -0.6999743959090742 -0.6612245422654439 
frame00242.jpg -273.0375068382479 90.85385830071765 218.11990556302618 0.24868656903063566 -0.10589461182057298 -0.6999855004032653 -0.6610307790659807 
frame00243.jpg -273.16262037054986 91.83144472621564 217.95057924653585 0.25000903614387865 -0.10573339563008151 -0.7002275520760453 -0.660300973391448 
frame00244.jpg -273.32689556528675 92.81380474850053 217.86123459979154 0.2510766936077136 -0.10436312233876452 -0.7007681692211769 -0.6595398957551125 
frame00245.jpg -273.4650384648042 93.79580219170471 217.7324030121776 0.2515440845908829 -0.10313272642880589 -0.7012800915613648 -0.6590110131210466 
frame00246.jpg -273.64323585903475 94.77938798239867 217.7040357572094 0.25322736340519875 -0.10061357351287571 -0.7022115999129844 -0.6577626828438295 
frame00247.jpg -273.75475363516205 95.7182002852893 218.02991193443955 0.25388728852903064 -0.09864632633138601 -0.7017492951758423 -0.6582994308065668 
frame00248.jpg -273.9623853028703 96.67555232109599 217.82899854242606 0.2547371685635144 -0.09704767569447005 -0.7029132573638393 -0.6569655562066569 
frame00249.jpg -274.18009320575595 97.63604211454931 217.65561271066082 0.2548573829208409 -0.09532665267960116 -0.7039853600767608 -0.6560222722338525 
frame00250.jpg -274.3009654827443 98.62629034012123 217.58634251070885 0.2547267062439068 -0.09432351551993483 -0.704970600013383 -0.6551594442415987 
frame00251.jpg -274.5059471305894 99.60204199163839 217.50958797651035 0.2539859762374611 -0.09326246061175657 -0.706136439249796 -0.6543429000679355 
frame00252.jpg -274.74549994319545 100.54903953249811 217.29555496451948 0.25313385569612834 -0.09146964680504294 -0.7076038510672739 -0.653340193722192 
frame00253.jpg -274.90311143584654 101.51437495015458 217.08750168774094 0.2525287521488162 -0.09218014466096876 -0.7087247232692988 -0.6522586759615744 
frame00254.jpg -275.26551843881 102.44514783229239 217.03930381469664 0.2517584337415898 -0.09017758488179126 -0.710053329796374 -0.6513908397916609 
frame00255.jpg -275.4959929414155 103.41151115896267 216.92518350342414 0.25117613296423846 -0.08975733426510898 -0.711289912933325 -0.6503236836465643 
frame00256.jpg -275.83326062236426 104.35034262335583 216.8555701422763 0.25026435991494095 -0.08983946736688203 -0.712004542841438 -0.6498816921155122 
frame00257.jpg -276.03722535928387 105.31300076469296 216.67755972517136 0.24989197595362936 -0.09058769948464405 -0.7125375107115581 -0.6493367594430433 
frame00258.jpg -276.2657723050502 106.2728764920918 216.51506387124527 0.24968274226622852 -0.09098566325706046 -0.7128672612258489 -0.6489995895960209 
frame00259.jpg -276.5105143627199 107.21159694769548 216.27235982353847 0.2491250960990125 -0.09264387991216985 -0.7128415294274091 -0.6490075609861973 
frame00260.jpg -276.74690689949824 108.17654995745355 216.1584112426416 0.24918542825743134 -0.09418219417072131 -0.7125357246218117 -0.6490987907405559 
frame00261.jpg -277.04931780297693 109.12539783778179 216.06766229775394 0.24969481931987544 -0.09497113707061312 -0.7123292626320119 -0.6490146871507643 
frame00262.jpg -277.34410325642517 110.07430913335529 215.9551060242267 0.25053113311895947 -0.0954180633503049 -0.7114661815935857 -0.6495733055990333 
frame00263.jpg -277.5031766837618 111.03331375540257 215.72057287644492 0.251578416026436 -0.09767321704293254 -0.7100585116259783 -0.650373135976861 
frame00264.jpg -277.683316902787 112.0096345657656 215.60079309754525 0.25212777804116937 -0.10060065962167145 -0.7084147907177023 -0.6515056702802906 
frame00265.jpg -277.9298140544058 112.96997246279147 215.47044625113406 0.2525428363911594 -0.10226289203005141 -0.7070417451695455 -0.6525767779830232 
frame00266.jpg -278.1405121175686 113.93180744282311 215.29586154913946 0.2530913602126527 -0.10432008579264615 -0.7051042636066742 -0.6541331097340635 
frame00267.jpg -278.3390510421766 114.90264379713827 215.16147744060174 0.2544956897912115 -0.10569255793112485 -0.7027015479662619 -0.65595093341833 
frame00268.jpg -278.55486397468786 115.87798533914679 215.11528570774848 0.25603440719367415 -0.10678440269723204 -0.7013313926487291 -0.6566413152630122 
frame00269.jpg -278.839546268039 116.83053800705378 215.007585048472 0.2567571363767671 -0.10747329538131986 -0.6995940870565105 -0.6580983538128045 
frame00270.jpg -279.03191938192606 117.80621594294846 214.90248904335434 0.2574067618224542 -0.10957792903518188 -0.6979417153978323 -0.6592509879714494 
frame00271.jpg -279.25668403760864 118.77812539459158 214.83268296000568 0.2574624054552877 -0.11187011987840746 -0.6966832929908452 -0.6601747061982612 
frame00272.jpg -279.433107041608 119.75625513808733 214.7225142358186 0.2577037380302251 -0.11283450085481088 -0.6954936745992546 -0.6611700048655457 
frame00273.jpg -279.71050565434496 120.71451216606665 214.65327910565225 0.25735129367583265 -0.1127709000149127 -0.6946214186613717 -0.662234240364191 
frame00274.jpg -279.95260367835937 121.68050742064123 214.74406313911635 0.2582865795217796 -0.11108204609966287 -0.6944763718862381 -0.6623076770900937 
frame00275.jpg -280.2263718228202 122.63967512597566 214.81511482872992 0.2594979929316082 -0.10923153608063235 -0.6943247978453467 -0.6623008427334877 
frame00276.jpg -280.5804045690986 123.57107702402143 214.73054917980764 0.25975607846956844 -0.10771361816582621 -0.6941240761458364 -0.6626585781301254 
frame00277.jpg -280.9279311429607 124.50561039234293 214.80718268261663 0.259668965613885 -0.104969364893035 -0.694199216537692 -0.6630542788972764 
frame00278.jpg -281.13686302691593 125.48036896340645 214.8858796933928 0.2592032379949348 -0.10462253755639984 -0.6941569064784551 -0.6633355589624573 
frame00279.jpg -281.4130909442043 126.44125510653045 214.86598038826273 0.25885092791902836 -0.1036011164939647 -0.6939802099298736 -0.6638181549905255 
frame00280.jpg -281.7394251822153 127.38435710755851 214.80222610660442 0.2582459740178841 -0.10202834967295046 -0.6939650058730794 -0.6643130833378948 
frame00281.jpg -282.0612411181733 128.3273016318216 214.88760851642976 0.2590367801841409 -0.09899694706347816 -0.6944619828945414 -0.6639444058956357 
frame00282.jpg -282.4038853396066 129.2667374323009 214.89504777326556 0.25901571618831043 -0.09837019383923426 -0.6939874829114864 -0.6645416514052218 
frame00283.jpg -282.8212210486986 130.1653689182568 214.75979839736345 0.2586249475541659 -0.09757861275105756 -0.6944728564433884 -0.6643034484414544 
frame00284.jpg -283.10311142712476 131.12321088379585 214.81526558733876 0.26001311219407786 -0.09548377974712814 -0.6938192728870038 -0.6647487606821161 
frame00285.jpg -283.43566698148004 132.06531693737873 214.85819593471757 0.25982684143841617 -0.09480604619505803 -0.6937615851042584 -0.6649787652567688 
frame00286.jpg -283.62790894263856 133.03906950359413 214.98005237479194 0.2615999840157524 -0.09226741273030144 -0.6931715918714001 -0.6652558800393665 
frame00287.jpg -283.90555230583533 133.9995102426869 215.00168045211612 0.26249103737611795 -0.0906032870444127 -0.6935149654324795 -0.6647755716548127 
frame00288.jpg -284.18286747567265 134.96008100613224 215.02168367526852 0.2625070723927415 -0.09111417408203862 -0.6936982994498122 -0.664508074963084 
frame00289.jpg -284.50424780156237 135.90702355311205 215.02549484346585 0.2615214293709334 -0.09340958965680994 -0.6938559680198682 -0.6644133912980823 
frame00290.jpg -284.8390189131179 136.84921148163215 215.0399944107511 0.2623177326394163 -0.09262154027058277 -0.6943151045078748 -0.6637298101101419 
frame00291.jpg -285.1313482714297 137.80511759167578 215.0680493574238 0.26302210719458974 -0.09163942087500958 -0.6950927513225575 -0.6627727527298588 
frame00292.jpg -285.41468612274616 138.76405465763827 215.0806743214587 0.26288175768585975 -0.09336332501999033 -0.6959432135794519 -0.6616944770666026 
frame00293.jpg -285.61916109660626 139.74180035226692 215.03373434647287 0.26285137879740045 -0.09516484960015867 -0.6961815178404062 -0.6611990354889398 
frame00294.jpg -285.83899149820894 140.71668908138506 214.9981452898917 0.26271653924730076 -0.09555332130909325 -0.6977055007756517 -0.6595882673101854 
frame00295.jpg -286.13137829385056 141.67290963026218 214.98580639657615 0.26262739450831 -0.09606431533139922 -0.6992043231261217 -0.6579603924367069 
frame00296.jpg -286.3858030616779 142.63343614126308 215.0983092192724 0.2628946712217806 -0.09624772144816722 -0.7005107816986953 -0.656435431938438 
frame00297.jpg -286.73695613269473 143.56969960914878 215.10842195950914 0.2630011861475024 -0.09621654892393107 -0.701846741259256 -0.6549686758708114 
frame00298.jpg -287.0531959960657 144.5075286707541 214.96535195465043 0.26302463828465705 -0.09754113982769655 -0.7032154531553297 -0.6532930843275364 
frame00299.jpg -287.2612658711845 145.48550463441322 214.94892142865172 0.2633536685214423 -0.09844776651510119 -0.7043404120622773 -0.6518109599508216 
frame00300.jpg -287.39373923993503 146.4766900659537 214.95042648069943 0.263991439448192 -0.09938116611572487 -0.7036567656830646 -0.6521496154533369 
frame00301.jpg -287.65677496311434 147.42286174054416 214.76182267970012 0.26320397738719353 -0.10151915275705997 -0.7041844130890177 -0.6515688001046203 
frame00302.jpg -288.06134035121613 148.3277202096987 214.62931596180044 0.2626585438152543 -0.10269055278739059 -0.7050390924997467 -0.6506804733689732 
frame00303.jpg -288.3087658780698 149.29659774461774 214.6217691760738 0.26342345238636045 -0.10351369390751866 -0.7045726283565802 -0.6507460886015377 
frame00304.jpg -288.5181671379519 150.2713456534569 214.54419568442754 0.26385957240109637 -0.1047711994150752 -0.7038413509453867 -0.6511593777622324 
frame00305.jpg -288.7742732105465 151.2207376166623 214.36235893687174 0.2653622331860052 -0.10634488054245105 -0.703130274117356 -0.6510618477675627 
frame00306.jpg -289.08236756835845 152.168907331016 214.2845637886489 0.2666475792479987 -0.10757196117806461 -0.7023219188715033 -0.6512075891777812 
frame00307.jpg -289.33915567670925 153.1324498108558 214.20942538596083 0.2677853812005913 -0.10840850285532887 -0.7008257289999295 -0.6522131126478379 
frame00308.jpg -289.61991822195495 154.07257096524486 214.01617779035269 0.26855314418873905 -0.11057498275068672 -0.6998108253107499 -0.6526233611006224 
frame00309.jpg -289.9993624147982 154.99405018015418 213.93312243783777 0.2688842810064527 -0.11214043964425688 -0.698844769633663 -0.653254785079932 
frame00310.jpg -290.1326343667122 155.98208108500052 214.0107982990911 0.2705088449906623 -0.11341037428389261 -0.6967864261944359 -0.6545622884817851 
frame00311.jpg -290.3934000259374 156.94707445347998 213.98270749690923 0.2722274984411477 -0.11469821824438303 -0.6956771948234841 -0.654805169264998 
frame00312.jpg -290.5524757707623 157.9182686731775 213.8052907217279 0.2739304402797836 -0.11773466603560295 -0.6938395452202335 -0.6555054608274344 
frame00313.jpg -289.76592895442167 158.5062287380367 213.99409521549106 0.2816200851796346 -0.12089973748651292 -0.6864347493182521 -0.6594549097149276 
frame00314.jpg -289.9619874683935 159.48672031092698 214.00814353307047 0.28387642453194445 -0.12132866899497802 -0.6850782220307803 -0.6598192336130582 
frame00315.jpg -290.1964157560052 160.45455975056421 213.91687350401745 0.2862618487594204 -0.12190723806203624 -0.6842119978381669 -0.6595807626043926 
frame00316.jpg -290.494283707207 161.40744306423778 213.85953155513116 0.28787912772160673 -0.1233018250370231 -0.6832476883755096 -0.6596172564351647 
frame00317.jpg -290.535486503386 162.4061428625803 213.88954918670694 0.29126897123719986 -0.12375351807592627 -0.6819888138413197 -0.659347231079426 
frame00318.jpg -290.68462789001586 163.3949528007035 213.89298007159547 0.2933407286647419 -0.12583264562845137 -0.6805547513566431 -0.6595169842871053 
frame00319.jpg -291.6591097033502 163.42182252216145 214.1158326576101 0.2874189665501009 -0.12142839142927245 -0.6852096648706899 -0.6581286035645438 
frame00320.jpg -291.80426328967764 164.40954051401363 214.0580086013276 0.2909780653097783 -0.12150807474401482 -0.6844240533236788 -0.6573669658519857 
frame00321.jpg -292.02815239383756 165.38164162249086 213.988057733285 0.29360724401959293 -0.12217695916305721 -0.6834475846611622 -0.6570898223757038 
frame00322.jpg -292.255121964638 166.33583385479946 213.79311666986408 0.2954551565789458 -0.12289281619787332 -0.6829470566417998 -0.6566482941973599 
frame00323.jpg -292.46916151446095 167.3036145344471 213.66049824663827 0.2981482830445571 -0.12298563694589099 -0.6824265959105044 -0.6559543682079602 
frame00324.jpg -292.5072575886199 168.29395848982378 213.52720327511224 0.30096138095656344 -0.12480312057817934 -0.680922285129481 -0.6558897217021609 
frame00325.jpg -292.7010483488858 169.27340157777903 213.5832068404353 0.30304417648194454 -0.12507641332808256 -0.6801184942417634 -0.6557125959599385 
frame00326.jpg -292.9269446884042 170.23441944795184 213.42378439435862 0.3041954815053712 -0.12640856531096417 -0.6798150478801016 -0.6552385373161119 
frame00327.jpg -292.9332690182759 171.23217618342045 213.3571397357984 0.3053717932195058 -0.12800358912702475 -0.6787954122686829 -0.6554387795823039 
frame00328.jpg -292.9256744614428 172.231496748398 213.32107392412215 0.30643562814790565 -0.12965655406872556 -0.6777996631850431 -0.6556478145913278 
frame00329.jpg -293.1560395379566 173.1983552925545 213.2109989196957 0.306312886154948 -0.13089074898351116 -0.6771108291390919 -0.6561714786067581 
frame00330.jpg -293.16427824510447 174.198293556714 213.20354206521344 0.3065898768209581 -0.13218812247702755 -0.6756539161628404 -0.6572828846037798 
frame00331.jpg -293.4021866656601 175.16935973108778 213.18280347294473 0.30652975359857265 -0.13343422819442805 -0.675378407082671 -0.6573422862837482 
frame00332.jpg -293.6842833015935 176.12069602284393 213.30682272205198 0.3048934189177743 -0.13581818206483903 -0.6741405737060963 -0.6588838816774694 
frame00333.jpg -293.9710570102334 177.07202608035675 213.19398662094133 0.30470944355296165 -0.1361742944422727 -0.6737206687818238 -0.659324832952258 
frame00334.jpg -294.1677147594989 178.05110365989066 213.14171003356284 0.3036213829252492 -0.13786771399741188 -0.6729689552208482 -0.6602419204566956 
frame00335.jpg -294.3746085034777 179.02946634809294 213.14050620034917 0.3021453015391978 -0.13818721069211495 -0.6729841537501164 -0.6608365151885884 
frame00336.jpg -294.51570170293826 180.01714130185505 213.07274993973394 0.30069728511248955 -0.13806011529209594 -0.6726701471790345 -0.6618424891812256 
frame00337.jpg -294.72492869851425 180.99472152998334 213.04906487977283 0.2986203395552281 -0.13794683074021685 -0.6724034575091026 -0.663076327427971 
frame00338.jpg -294.86528118587324 181.98095175467378 213.1365356953477 0.29645780168911545 -0.13788843128562622 -0.6723501466967363 -0.6641121097931184 
frame00339.jpg -294.27841163856766 182.31353846641096 212.39831470149684 0.3048298432187835 -0.14960616495676143 -0.669858001534527 -0.6602931766280246 
frame00340.jpg -294.5884614332949 183.26387218469102 212.42542513476042 0.30272085927201664 -0.1490608984317016 -0.6700219626359845 -0.6612197512453811 
frame00341.jpg -294.8961014134062 184.21536123766214 212.42030152357142 0.2995101651662612 -0.1493810541024034 -0.6703870295667838 -0.662238818813552 
frame00342.jpg -295.02548412492814 185.20315526043228 212.50703734735072 0.2973712443066972 -0.149195786879769 -0.6706142441699341 -0.6630139948539266 
frame00343.jpg -295.13367763206514 186.1938156573469 212.42405446741245 0.2950317360563369 -0.14902803214377452 -0.6708916296865378 -0.6638157906829096 
frame00344.jpg -295.4133876142382 187.12597418233602 212.1941787652521 0.29216345167726865 -0.14866361265661898 -0.6722850655956143 -0.6637563568429049 
frame00345.jpg -295.7247652959521 188.0757957607691 212.16446452152798 0.28981735920076096 -0.1487798799622746 -0.6731005313833378 -0.6639323638124058 
frame00346.jpg -294.9242226563651 188.45257636052375 211.69845176984776 0.31119402885383574 -0.16511621939639565 -0.6620402075769692 -0.6615117031686238 
frame00347.jpg -295.18320909836854 189.4143124661958 211.60906659225088 0.3098662436496438 -0.16470446380494685 -0.6630870500183109 -0.661189060856912 
frame00348.jpg -295.4415506722444 190.38030290954111 211.6201173429848 0.30817282852001376 -0.16354831073266626 -0.6641007340247574 -0.6612501286043999 
frame00349.jpg -295.5553814281781 191.36952593530697 211.52802836506876 0.3075454581493032 -0.16209851232629233 -0.6654223120266488 -0.6605702609038124 
frame00350.jpg -295.63636054581485 192.36041596200997 211.63563578990198 0.3067686196508703 -0.15995295224306363 -0.6664254180203448 -0.6604432517011805 
frame00351.jpg -295.8355000772171 193.33502367537713 211.53324793852406 0.30580367455553986 -0.15848824313780288 -0.6674792003533369 -0.6601796467104857 
frame00352.jpg -295.27137964553367 193.84537835648158 210.8841668580528 0.3166085973010342 -0.16735063180055434 -0.665313680426424 -0.6550652830508059 
frame00353.jpg -295.44780025195206 194.81015800481978 211.07929765127744 0.3154207956293307 -0.165766381913793 -0.6663299783760736 -0.6550081255723945 
frame00354.jpg -295.7136203286027 195.77303460717215 211.1262908480046 0.3143576731767495 -0.16424353700858588 -0.6683130308543145 -0.6538815356391443 
frame00355.jpg -295.9385351484547 196.74325659090317 211.03638730442418 0.31363720417467544 -0.16266466933988027 -0.6697379269449814 -0.6531638955632489 
frame00356.jpg -296.1305719698076 197.7203807655891 211.12776689460017 0.31276046078591546 -0.1622400157128489 -0.6708141688084722 -0.6525852266399687 
frame00357.jpg -296.327276361316 198.69959085589684 211.07821892606466 0.312366571331257 -0.1603667142839244 -0.6721851634140643 -0.651825746240986 
frame00358.jpg -296.47500799498556 199.68486364404873 211.1643172350902 0.31189796536287334 -0.1588942266423663 -0.6728800914168581 -0.6516937331088072 
frame00359.jpg -296.7476209421882 200.64574577539594 211.11545278384696 0.31093922817793634 -0.1576597730602941 -0.6739951387410484 -0.6512993171115471 
frame00360.jpg -296.96492693896005 201.62184931723922 211.1154230736121 0.31016461547600616 -0.15692333132499428 -0.6752872783159652 -0.650507591103253 
frame00361.jpg -297.225960920618 202.58398945192 211.0370161565657 0.30948704051157633 -0.15598830522587567 -0.6764660499119942 -0.6498300996707309 
frame00362.jpg -297.500741240601 203.5447244728162 211.07553914323245 0.3083385143359067 -0.15502354227378637 -0.67760807923233 -0.6494169751077501 
frame00363.jpg -297.70928086193385 204.52175881279155 211.031776771623 0.3073122694970752 -0.15422709825247508 -0.6786787048509312 -0.648974915825803 
frame00364.jpg -297.8716821519407 205.50739786260533 210.98550039959207 0.30645141161225503 -0.1536844630748678 -0.6795887028892964 -0.6485582992833969 
frame00365.jpg -298.10108993588284 206.4802385584926 211.0163722639245 0.30605471577674076 -0.15166085203631627 -0.6804755529485038 -0.6482920430944776 
frame00366.jpg -298.36234730317597 207.43625393508083 210.8830335577544 0.30493705507271246 -0.15115258437108395 -0.6818099818445862 -0.6475349346200112 
frame00367.jpg -298.5665831216838 208.4151532908313 210.8896519374062 0.3045837917808047 -0.149931400573625 -0.6827378244151876 -0.6470072689056396 
frame00368.jpg -298.8375916858546 209.3767103561468 210.93395084665727 0.3030011113356136 -0.15057172792447057 -0.6834591078309 -0.6468401528708979 
frame00369.jpg -299.0952298175794 210.3358186238742 210.81675892511953 0.30243668436150734 -0.14998059487328336 -0.6845778777130138 -0.6460580905441657 
frame00370.jpg -299.25795009004815 211.31684784056245 210.71138432580622 0.3024261994638421 -0.14894511450448153 -0.6857086440697376 -0.6451026706361275 
frame00371.jpg -299.4802025681006 212.2870996006994 210.61538756351615 0.30302468957497947 -0.14772780490983464 -0.6870948117335354 -0.6436251281671315 
frame00372.jpg -299.7577067329827 213.24288429731337 210.51808866465407 0.3073240469952789 -0.14565453626988195 -0.6864424764246332 -0.6427545912610821 
frame00373.jpg -300.0819144428591 214.16673984211383 210.31466713074684 0.31253108626062215 -0.1440093882461108 -0.68445752261856 -0.6427313335507491 
frame00374.jpg -300.42644097114743 215.10541196689127 210.30066211248524 0.31732714623772396 -0.14246565267351105 -0.6814291274710418 -0.6439420900700338 
frame00375.jpg -300.66719669103867 216.07511716565855 210.34199651830744 0.3226903327481823 -0.14087498776297588 -0.679005886098555 -0.6441864979670994 
